Date,Value
2021-10-06,437607953.31240004
2021-10-05,370887916.3315
2021-10-04,183312373.50120002
2021-10-03,184243787.756
2021-10-02,688291406.5437
2021-10-01,360342502.3033
2021-09-30,221224597.0592
2021-09-29,275833680.1512
2021-09-28,249740960.376
2021-09-27,231309916.7265
2021-09-26,132297206.4525
2021-09-25,594658890.506
2021-09-24,369977052.76799995
2021-09-23,355516148.994
2021-09-22,726831468.7551999
2021-09-21,605141090.3304
2021-09-20,135623202.8706
2021-09-19,171820050.213
2021-09-18,233662730.952
2021-09-17,265469578.3722
2021-09-16,241115251.78049996
2021-09-15,260550303.57560003
2021-09-14,398357109.5228
2021-09-13,137153005.1712
2021-09-12,133023638.214
2021-09-11,348659557.6632
2021-09-10,315266287.5528
2021-09-09,440223166.06020004
2021-09-08,984208204.1449
2021-09-07,345881388.722
2021-09-06,205763894.329
2021-09-05,190864422.66779998
2021-09-04,364637470.90800005
2021-09-03,333198224.2361
2021-09-02,295404213.2284
2021-09-01,261861261.69700003
2021-08-31,243698081.57909998
2021-08-30,185179756.2692
2021-08-29,127683988.5625
2021-08-28,314537378.69339997
2021-08-27,350695648.25600004
2021-08-26,308193605.3925
2021-08-25,329218454.3778
2021-08-24,347662893.76
2021-08-23,175696197.0432
2021-08-22,293309782.24459994
2021-08-21,393922039.2275
2021-08-20,334784599.96800005
2021-08-19,318619549.5016
2021-08-18,391450533.16090006
2021-08-17,328414269.4825
2021-08-16,238769871.1092
2021-08-15,289525608.0355
2021-08-14,413817979.39739996
2021-08-13,364203587.11
2021-08-12,357102154.8612
2021-08-11,341739411.6567
2021-08-10,673221003.7886
2021-08-09,424351428.9948
2021-08-08,577948603.0353999
2021-08-07,458571279.1505
2021-08-06,589529886.96
2021-08-05,381430418.398
2021-08-04,357077322.26
2021-08-03,304362108.8276
2021-08-02,273365143.663
2021-08-01,231216114.81199998
2021-07-31,484267642.4135
2021-07-30,291830057.3931
2021-07-29,648707028.1244999
2021-07-28,636929009.4564999
2021-07-27,985237333.6841999
2021-07-26,213671233.62
2021-07-25,149062681.60979998
2021-07-24,190920633.5901
2021-07-23,205069638.9348
2021-07-22,446695087.8546
2021-07-21,334239343.1424
2021-07-20,227653989.38759997
2021-07-19,119375610.091
2021-07-18,153024608.92839998
2021-07-17,223188595.08749998
2021-07-16,242886859.8507
2021-07-15,250745294.95470002
2021-07-14,196978689.6624
2021-07-13,192174937.9425
2021-07-12,135783786.0912
2021-07-11,179503024.96170002
2021-07-10,195359782.66919997
2021-07-09,358897369.3643
2021-07-08,205349507.1168
2021-07-07,258109070.2662
2021-07-06,262649988.6393
2021-07-05,130884160.14700001
2021-07-04,169572916.05240002
2021-07-03,217066486.518
2021-07-02,324116506.02239996
2021-07-01,406967841.47840005
2021-06-30,385135142.10499996
2021-06-29,355900532.4631
2021-06-28,356498319.39
2021-06-27,383763274.666
2021-06-26,487441486.4364
2021-06-25,346763748.57839996
2021-06-24,567894517.4390001
2021-06-23,1181870044.7323
2021-06-22,881732120.885
2021-06-21,467990640.9804999
2021-06-20,344470416.4143
2021-06-19,492347272.54859996
2021-06-18,473543196.0956
2021-06-17,527484731.4937
2021-06-16,563639731.3728
2021-06-15,773480687.154
2021-06-14,496421300.4036
2021-06-13,400987660.045
2021-06-12,418192315.5634
2021-06-11,619830807.6814001
2021-06-10,839878615.0992
2021-06-09,898174396.709
2021-06-08,468061636.29730004
2021-06-07,244244789.69799998
2021-06-06,437701948.95419997
2021-06-05,501492074.2641
2021-06-04,439066611.0446
2021-06-03,472220579.50759995
2021-06-02,465003628.5384
2021-06-01,481997703.41160005
2021-05-31,329083645.82589996
2021-05-30,458364767.20769995
2021-05-29,694420431.1602
2021-05-28,489470054.16400003
2021-05-27,676198904.1984
2021-05-26,719154798.135
2021-05-25,1032788864.5364999
2021-05-24,1106858419.3752
2021-05-23,666031627.835
2021-05-22,1438210289.5839999
2021-05-21,1507671102.5376
2021-05-20,3192479060.6673994
2021-05-19,776420981.7175001
2021-05-18,1365356635.4928
2021-05-17,795540649.036
2021-05-16,536658388.23960006
2021-05-15,573671658.7248
2021-05-14,1528100267.3316
2021-05-13,928999961.1595999
2021-05-12,546570032.5
2021-05-11,903456808.965
2021-05-10,534233808.3888
2021-05-09,523002028.07149994
2021-05-08,622419281.3629
2021-05-07,605987088.7744
2021-05-06,775797222.5643001
2021-05-05,836868262.6416
2021-05-04,571622384.9631
2021-05-03,286521388.9888
2021-05-02,337492054.7
2021-05-01,683907404.46
2021-04-30,579652972.723
2021-04-29,563311741.806
2021-04-28,509014490.488
2021-04-27,848207062.7712
2021-04-26,576635611.2210001
2021-04-25,458274326.69310004
2021-04-24,1413848471.2289
2021-04-23,1187405699.3865001
2021-04-22,629420904.768
2021-04-21,971129684.1243
2021-04-20,829117286.5497999
2021-04-19,1795641744.0864
2021-04-18,444839749.04249996
2021-04-17,905029645.7906001
2021-04-16,480649145.05439997
2021-04-15,1004822805.7968
2021-04-14,932699539.664
2021-04-13,533381831.04499996
2021-04-12,315279095.9451
2021-04-11,689236659.54
2021-04-10,407439694.0436
2021-04-09,475807458.1388999
2021-04-08,756167636.0843999
2021-04-07,389087525.5784
2021-04-06,401549573.229
2021-04-05,244447137.70749998
2021-04-04,350520423.44759995
2021-04-03,484719745.7236
2021-04-02,384195844.2432
2021-04-01,716750367.2175
2021-03-31,505528990.7958
2021-03-30,778905384.4239
2021-03-29,354789416.1339
2021-03-28,417333164.98289996
2021-03-27,654657557.7619001
2021-03-26,798490265.9184
2021-03-25,930278334.3463001
2021-03-24,694554383.7493999
2021-03-23,818803864.2720001
2021-03-22,493777972.15409994
2021-03-21,388273949.242
2021-03-20,512236900.775
2021-03-19,769968936.616
2021-03-18,870414831.54
2021-03-17,933139262.0879998
2021-03-16,1029700470.848
2021-03-15,461229239.306
2021-03-14,988962162.2946001
2021-03-13,701008587.7872
2021-03-12,867544807.9200001
2021-03-11,1017432150.9559002
2021-03-10,757075750.3895999
2021-03-09,593714545.9992
2021-03-08,439137853.70299995
2021-03-07,314191307.884
2021-03-06,757198942.4943999
2021-03-05,781773549.7164001
2021-03-04,806146031.418
2021-03-03,645712708.9319999
2021-03-02,967845187.1567999
2021-03-01,724061272.7104
2021-02-28,399909227.55840003
2021-02-27,1077018778.2680998
2021-02-26,915917915.7024
2021-02-25,1058762335.0275999
2021-02-24,2125994179.9211
2021-02-23,1925933019.174
2021-02-22,515842591.9302
2021-02-21,737451802.1999999
2021-02-20,1203321961.67
2021-02-19,665321948.17
2021-02-18,1071500775.2992
2021-02-17,899200170.726
2021-02-16,708415696.938
2021-02-15,517594005.19490004
2021-02-14,410208224.0802
2021-02-13,689712445.314
2021-02-12,990292287.0491999
2021-02-11,854939011.6974
2021-02-10,1278680840.4312
2021-02-09,1848583587.0119998
2021-02-08,507510700.3529999
2021-02-07,815234883.4812
2021-02-06,464369301.493
2021-02-05,833075414.8451998
2021-02-04,704292313.8375
2021-02-03,598901450.2308002
2021-02-02,555827113.908
2021-02-01,358122291.45
2021-01-31,559013708.158
2021-01-30,2130003472.9692001
2021-01-29,1030518859.4481
2021-01-28,1231838586.1599
2021-01-27,782611741.174
2021-01-26,724029496.8172
2021-01-25,362355621.4916
2021-01-24,414697183.05480003
2021-01-23,1271924926.152
2021-01-22,1473827003.7816
2021-01-21,913461956.838
2021-01-20,579558848.8817999
2021-01-19,590495165.8249999
2021-01-18,650030053.9381001
2021-01-17,685084801.596
2021-01-16,1194986405.2812
2021-01-15,988940894.4948001
2021-01-14,1209077691.9085999
2021-01-13,1344114134.9345999
2021-01-12,3039065355.8456006
2021-01-11,1415450812.9355998
2021-01-10,711474842.7384001
2021-01-09,1794260806.9199998
2021-01-08,1836614178.52
2021-01-07,1414154052.8992002
2021-01-06,1026923831.7408
2021-01-05,1432013252.8444002
2021-01-04,975831414.561
2021-01-03,1393906626.1097999
2021-01-02,491258037.68749994
2021-01-01,606524119.4576
2020-12-31,751041810.9530001
2020-12-30,584575020.2299
2020-12-29,511058869.7897999
2020-12-28,822241572.2106
2020-12-27,530655727.47749996
2020-12-26,375518728.1612
2020-12-25,344759537.11370003
2020-12-24,583254745.8283
2020-12-23,433884278.63690007
2020-12-22,647260163.442
2020-12-21,301633611.35960007
2020-12-20,428547892.6224
2020-12-19,465956413.34580004
2020-12-18,1177690832.1425998
2020-12-17,712598806.4956
2020-12-16,288887515.235
2020-12-15,156397143.1788
2020-12-14,197236995.26399997
2020-12-13,175018094.7288
2020-12-12,291983141.38320005
2020-12-11,264270264.55839998
2020-12-10,377966775.1915
2020-12-09,273878281.0107
2020-12-08,176619929.6967
2020-12-07,119935507.4742
2020-12-06,114151706.81100002
2020-12-05,278793731.2368
2020-12-04,269817738.8956
2020-12-03,311500178.6337
2020-12-02,586228902.896
2020-12-01,570429939.1842
2020-11-30,192293943.96799996
2020-11-29,203020072.4978
2020-11-28,334361872.05259997
2020-11-27,867494794.0976
2020-11-26,357330319.00200003
2020-11-25,523228040.5104
2020-11-24,344268444.6285
2020-11-23,276025442.5872
2020-11-22,256287553.65
2020-11-21,374130037.1055
2020-11-20,358043942.4177
2020-11-19,633847834.5785
2020-11-18,424743957.97920007
2020-11-17,293272996.4775
2020-11-16,97292561.7456
2020-11-15,163501040.4486
2020-11-14,264263990.3617
2020-11-13,478495947.4292
2020-11-12,298105721.52049994
2020-11-11,230269180.3512
2020-11-10,392305674.1401
2020-11-09,168415197.354
2020-11-08,320513832.288
2020-11-07,418654253.4993
2020-11-06,575483038.2308999
2020-11-05,303936796.2285
2020-11-04,213888432.2785
2020-11-03,202098850.1063
2020-11-02,81876480.6928
2020-11-01,194274881.2584
2020-10-31,265607933.7288
2020-10-30,228409072.2456
2020-10-29,310741338.15
2020-10-28,325461283.4025
2020-10-27,176006371.0356
2020-10-26,111062981.3517
2020-10-25,69928610.9054
2020-10-24,151273932.4116
2020-10-23,234841376.76999998
2020-10-22,486931525.61759996
2020-10-21,167903083.01479998
2020-10-20,139587584.348
2020-10-19,29716243.876
2020-10-18,34142836.4031
2020-10-17,109053461.5582
2020-10-16,111854678.0582
2020-10-15,93932070.9456
2020-10-14,117568933.25919999
2020-10-13,166313556.27480003
2020-10-12,60215827.8995
2020-10-11,97927463.147
2020-10-10,120551930.57730001
2020-10-09,142856446.66199997
2020-10-08,102699834.10399999
2020-10-07,103826838.3222
2020-10-06,78412225.0504
2020-10-05,31512003.100199997
2020-10-04,31477196.1224
2020-10-03,150343724.50919998
2020-10-02,183013787.4308
2020-10-01,89894642.8896
2020-09-30,89865245.23200001
2020-09-29,109557462.41880001
2020-09-28,50063044.872
2020-09-27,48519033.92
2020-09-26,129716552.8944
2020-09-25,124807106.4971
2020-09-24,124490884.2376
2020-09-23,99403513.6488
2020-09-22,193630537.917
2020-09-21,69233310.9125
2020-09-20,54811966.3947
2020-09-19,88269394.26240002
2020-09-18,117116914.34619999
2020-09-17,154480376.5826
2020-09-16,135273030.3276
2020-09-15,143525658.62719998
2020-09-14,81937985.7165
2020-09-13,57857607.940000005
2020-09-12,101653161.4472
2020-09-11,147055601.2892
2020-09-10,113383268.7008
2020-09-09,194156867.12160003
2020-09-08,153205856.4958
2020-09-07,89153592.5889
2020-09-06,222072428.23080003
2020-09-05,310980390.15669996
2020-09-04,361418115.39089996
2020-09-03,265432700.672
2020-09-02,176627448.525
2020-09-01,102290923.35409999
2020-08-31,54121905.8394
2020-08-30,48056174.58719999
2020-08-29,125753228.67
2020-08-28,152064701.8666
2020-08-27,104337127.35570002
2020-08-26,168869325.88599998
2020-08-25,75749356.9416
2020-08-24,39027595.4028
2020-08-23,85029155.46000001
2020-08-22,153928936.99199998
2020-08-21,96746302.15519999
2020-08-20,208815095.82
2020-08-19,217771115.2187
2020-08-18,253521339.7144
2020-08-17,63773670.1483
2020-08-16,101333020.2792
2020-08-15,131449767.039
2020-08-14,161732026.4091
2020-08-13,141688775.6123
2020-08-12,249861736.7918
2020-08-11,218397180.6838
2020-08-10,59683346.886
2020-08-09,86008564.668
2020-08-08,215793133.728
2020-08-07,203809369.9392
2020-08-06,182136390.168
2020-08-05,122455803.7725
2020-08-04,159671026.4652
2020-08-03,289592847.786
2020-08-02,240815458.968
2020-08-01,222815243.1332
2020-07-31,201165672.4417
2020-07-30,253835681.0886
2020-07-29,352662968.6388
2020-07-28,569642411.592
2020-07-27,169823595.5504
2020-07-26,83145125.8
2020-07-25,128787740.2896
2020-07-24,168395155.0164
2020-07-23,103269918.086
2020-07-22,114760459.146
2020-07-21,59994848.8643
2020-07-20,32799397.9768
2020-07-19,29934693.3054
2020-07-18,71682525.5883
2020-07-17,88531436.7
2020-07-16,83393685.6643
2020-07-15,88249714.542
2020-07-14,78223034.3433
2020-07-13,42610639.379
2020-07-12,30014745.7292
2020-07-11,79818144.576
2020-07-10,98869845.9588
2020-07-09,121129125.3966
2020-07-08,95242533.9588
2020-07-07,113743420.0259
2020-07-06,50720848.7269
2020-07-05,38839661.8326
2020-07-04,57803290.9944
2020-07-03,107207537.5074
2020-07-02,98873138.805
2020-07-01,63158022.9811
2020-06-30,100083941.014
2020-06-29,59501520.5565
2020-06-28,92221683.8292
2020-06-27,141780368.2755
2020-06-26,166531113.6115
2020-06-25,178365905.779
2020-06-24,102289235.2817
2020-06-23,134494787.057
2020-06-22,36882860.072
2020-06-21,57461731.8468
2020-06-20,109732841.856
2020-06-19,74041735.8065
2020-06-18,124106956.1473
2020-06-17,138860025.7
2020-06-16,244968165.021
2020-06-15,63632383.6098
2020-06-14,51803750.58
2020-06-13,132333533.7363
2020-06-12,321867038.6074
2020-06-11,158586968.0719
2020-06-10,153220784.178
2020-06-09,111353754.5815
2020-06-08,129391452.868
2020-06-07,74040583.5477
2020-06-06,139993515.4125
2020-06-05,183077760.7168
2020-06-04,128440438.9324
2020-06-03,429398121.4779
2020-06-02,280975717.9806
2020-06-01,99233158.4412
2020-05-31,132752538.831
2020-05-30,144086661.3976
2020-05-29,193513827.6855
2020-05-28,148428061.012
2020-05-27,120113138.978
2020-05-26,151521072.3334
2020-05-25,151515271.1025
2020-05-24,69573042.348
2020-05-23,137706362.7804
2020-05-22,302921371.08
2020-05-21,231513104.0482
2020-05-20,228306109.2126
2020-05-19,230169746.6235
2020-05-18,176082868.208
2020-05-17,116707143.649
2020-05-16,303595865.3108
2020-05-15,332519067.871
2020-05-14,235919563.5729
2020-05-13,217646788.1446
2020-05-12,524377414.035
2020-05-11,536864808.2512
2020-05-10,206048387.1605
2020-05-09,336643471.834
2020-05-08,500733651.156
2020-05-07,286155701.8305
2020-05-06,182897440.2792
2020-05-05,186639007.4084
2020-05-04,175862717.8055
2020-05-03,111964108.685
2020-05-02,209464777.158
2020-05-01,479861000.0475
2020-04-30,471328360.4002
2020-04-29,102426644.0325
2020-04-28,118631651.8972
2020-04-27,82965485.6952
2020-04-26,50386100.4416
2020-04-25,130187406.006
2020-04-24,202186228.192
2020-04-23,102205555.9641
2020-04-22,90394537.9036
2020-04-21,151878158.0712
2020-04-20,64645648.4664
2020-04-19,80410551.4416
2020-04-18,114895300.8069
2020-04-17,256066115.0861
2020-04-16,112529486.108
2020-04-15,107004164.2425
2020-04-14,170118314.503
2020-04-13,112654904.1387
2020-04-12,59502005.484
2020-04-11,170978168.3808
2020-04-10,118207885.6503
2020-04-09,143615580.8898
2020-04-08,180411335.9565
2020-04-07,215734110.432
2020-04-06,61737463.0944
2020-04-05,95099723.0015
2020-04-04,165881487.018
2020-04-03,279129046.5117
2020-04-02,168238042.6748
2020-04-01,89947515.0516
2020-03-31,186301830.9298
2020-03-30,103365161.5595
2020-03-29,142726744.923
2020-03-28,148443297.8847
2020-03-27,97401178.9625
2020-03-26,226038996.8232
2020-03-25,284016940.7236
2020-03-24,284307011.0216
2020-03-23,155141963.114
2020-03-22,161732857.492
2020-03-21,382708757.244
2020-03-20,343510892.032
2020-03-19,246280973.4105
2020-03-18,222784692.9885
2020-03-17,379747427.5455
2020-03-16,201009885.676
2020-03-15,158994389.6178
2020-03-14,684475988.6524
2020-03-13,574694714.8404
2020-03-12,130840913.439
2020-03-11,155835851.2678
2020-03-10,223121982.1464
2020-03-09,149933311.4868
2020-03-08,59230883.0334
2020-03-07,83522225.9936
2020-03-06,122314466.7311
2020-03-05,70042032.863
2020-03-04,85149525.727
2020-03-03,111268001.3928
2020-03-02,111268001.3928
2020-03-01,70749037.3753
2020-02-29,123840827.84
2020-02-28,147977054.963
2020-02-27,206929921.03
2020-02-26,114160526.829
2020-02-25,116289798.638
2020-02-24,64282324.0134
2020-02-23,34324865.7888
2020-02-22,79370095.0346
2020-02-21,128769390.754
2020-02-20,186474102.0448
2020-02-19,138390971.194
2020-02-18,119040244.175
2020-02-17,85454123.7067
2020-02-16,113915188.256
2020-02-15,122708338.306
2020-02-14,198094127.1122
2020-02-13,161983394.001
2020-02-12,190105216.395
2020-02-11,155424327.7455
2020-02-10,107419112.678
2020-02-09,75572303.9296
2020-02-08,87939405.4854
2020-02-07,152115909.003
2020-02-06,163509451.016
2020-02-05,90649388.5674
2020-02-04,90649388.5674
2020-02-03,66403963.968
2020-02-02,36660829.428
2020-02-01,106765634.873
2020-01-31,175049334.31
2020-01-30,132156743.7492
2020-01-29,187574422.504
2020-01-28,157722446.273
2020-01-27,90541442.5134
2020-01-26,49103693.8912
2020-01-25,103625698.657
2020-01-24,140040083.6177
2020-01-23,62159413.0416
2020-01-22,80118406.4526
2020-01-21,78615695.3157
2020-01-20,171406582.848
2020-01-19,73102474.796
2020-01-18,172392198.5178
2020-01-17,113463579.965
2020-01-16,162415225.669
2020-01-15,322001233.9342
2020-01-14,68769719.304
2020-01-13,39375157.8458
2020-01-12,75103205.4975
2020-01-11,153599795.441
2020-01-10,108323770.474
2020-01-09,224003807.3735
2020-01-08,210649283.908
2020-01-07,114010548.125
2020-01-06,48177558.2909
2020-01-05,50181826.9238
2020-01-04,136870284.592
2020-01-03,68282971.9003
2020-01-02,28600968.8576
2020-01-01,47782090.6994
2019-12-31,61748083.664
2019-12-30,46435451.0
2019-12-29,36039614.7447
2019-12-28,71840951.382
2019-12-27,59760787.208
2019-12-26,39255636.0168
2019-12-25,76336714.458
2019-12-24,121983509.734
2019-12-23,72767893.2698
2019-12-22,25368503.344
2019-12-21,55147309.6694
2019-12-20,92465911.4364
2019-12-19,208624105.2012
2019-12-18,106173720.173
2019-12-17,91191811.2654
2019-12-16,35264356.5942
2019-12-15,39393109.051
2019-12-14,52683167.6199
2019-12-13,75073234.6496
2019-12-12,53833378.0026
2019-12-11,66161513.2368
2019-12-10,108414489.4552
2019-12-09,32114286.4924
2019-12-08,34352533.7937
2019-12-07,77922849.9525
2019-12-06,85470713.7483
2019-12-05,142535673.455
2019-12-04,50091304.5022
2019-12-03,71586469.665
2019-12-02,88571039.0699
2019-12-01,78337203.7668
2019-11-30,117995230.159
2019-11-29,99775070.97
2019-11-28,220499982.9504
2019-11-27,108471398.915
2019-11-26,250687896.39
2019-11-25,88831996.034
2019-11-24,74562140.9344
2019-11-23,283120965.822
2019-11-22,152565570.3701
2019-11-21,62317220.548
2019-11-20,80797818.392
2019-11-19,98039358.9687
2019-11-18,42762607.2801
2019-11-17,27218439.49
2019-11-16,102346506.69
2019-11-15,62094349.5168
2019-11-14,53278229.9502
2019-11-13,84092098.4904
2019-11-12,99417730.8838
2019-11-11,58075876.8544
2019-11-10,40216982.8143
2019-11-09,159478900.172
2019-11-08,73169474.0496
2019-11-07,78710164.828
2019-11-06,97692940.8928
2019-11-05,103857828.917
2019-11-04,47020646.3232
2019-11-03,53740264.7922
2019-11-02,107433320.873
2019-11-01,160663136.8662
2019-10-31,145730105.176
2019-10-30,169991136.671
2019-10-29,233830897.3968
2019-10-28,290708092.524
2019-10-27,657396445.266
2019-10-26,333681035.1369
2019-10-25,75975960.6024
2019-10-24,221341213.831
2019-10-23,89353651.5172
2019-10-22,78014940.8592
2019-10-21,90340986.7572
2019-10-20,53229503.8836
2019-10-19,94710382.216
2019-10-18,79993882.9404
2019-10-17,117969721.3909
2019-10-16,86738049.996
2019-10-15,61644447.2176
2019-10-14,65962338.316
2019-10-13,30579541.6473
2019-10-12,138474726.812
2019-10-11,113137559.64
2019-10-10,174962381.194
2019-10-09,68942273.4
2019-10-08,144876046.239
2019-10-07,100404346.447
2019-10-06,56545050.0769
2019-10-05,92819801.4144
2019-10-04,116784278.345
2019-10-03,91246610.9394
2019-10-02,170270297.36
2019-10-01,173526590.012
2019-09-30,92992826.6976
2019-09-29,99366389.5
2019-09-28,167290267.716
2019-09-27,286339496.041
2019-09-26,269030045.1831
2019-09-25,491431838.372
2019-09-24,120001577.151
2019-09-23,59501805.669
2019-09-22,69869004.1574
2019-09-21,89963558.4697
2019-09-20,157389488.432
2019-09-19,90728914.3667
2019-09-18,91392243.66
2019-09-17,107174306.4193
2019-09-16,40801052.2218
2019-09-15,55063941.3121
2019-09-14,95214496.607
2019-09-13,114864653.93
2019-09-12,122176795.066
2019-09-11,109189912.0734
2019-09-10,133582936.866
2019-09-09,63124156.1445
2019-09-08,65192692.244
2019-09-07,210268387.805
2019-09-06,90967493.33
2019-09-05,196753395.5872
2019-09-04,228788746.948
2019-09-03,153032806.837
2019-09-02,45179221.4802
2019-09-01,40437358.647
2019-08-31,112305189.267
2019-08-30,157535719.826
2019-08-29,203978693.829
2019-08-28,102638637.402
2019-08-27,189624308.4428
2019-08-26,102865892.821
2019-08-25,117754910.928
2019-08-24,122936632.6763
2019-08-23,141841653.538
2019-08-22,236246172.908
2019-08-21,122315070.3088
2019-08-20,171807868.28
2019-08-19,77572050.192
2019-08-18,91003712.31
2019-08-17,242929696.755
2019-08-16,339458149.847
2019-08-15,280655886.4672
2019-08-14,193935252.602
2019-08-13,84492311.643
2019-08-12,104661395.056
2019-08-11,185394290.395
2019-08-10,180122399.322
2019-08-09,211151931.4766
2019-08-08,364388175.423
2019-08-07,385189642.277
2019-08-06,360876818.5806
2019-08-05,165486450.201
2019-08-04,142750701.815
2019-08-03,194052551.7015
2019-08-02,173753010.807
2019-08-01,171671948.947
2019-07-31,115667921.712
2019-07-30,110257993.958
2019-07-29,93425734.9
2019-07-28,196200932.7257
2019-07-27,122793165.173
2019-07-26,132194259.46
2019-07-25,207985687.0299
2019-07-24,198778566.675
2019-07-23,207597158.399
2019-07-22,149533508.4911
2019-07-21,231375270.501
2019-07-20,266367992.225
2019-07-19,400333480.9952
2019-07-18,350207291.372
2019-07-17,413796084.089
2019-07-16,334140371.565
2019-07-15,163504273.436
2019-07-14,237143042.963
2019-07-13,223317773.9139
2019-07-12,400745298.716
2019-07-11,507237487.92
2019-07-10,364111378.7824
2019-07-09,277905476.815
2019-07-08,67612787.4615
2019-07-07,85554897.9616
2019-07-06,124193828.65
2019-07-05,130466909.334
2019-07-04,273546634.0104
2019-07-03,240430090.968
2019-07-02,171482109.072
2019-07-01,172764921.5896
2019-06-30,184877335.622
2019-06-29,251088678.311
2019-06-28,423175771.1325
2019-06-27,521683547.94
2019-06-26,188227336.128
2019-06-25,90826286.85
2019-06-24,92033603.9856
2019-06-23,210388797.562
2019-06-22,134167792.3956
2019-06-21,88441301.3365
2019-06-20,64175901.408
2019-06-19,91483265.5482
2019-06-18,236199962.59
2019-06-17,291304564.461
2019-06-16,110733186.6095
2019-06-15,165814336.84
2019-06-14,118173871.418
2019-06-13,170534084.3934
2019-06-12,119201858.877
2019-06-11,137334731.224
2019-06-10,75192236.2893
2019-06-09,76557021.4098
2019-06-08,152941461.773
2019-06-07,155472100.7461
2019-06-06,156168263.719
2019-06-05,298320274.032
2019-06-04,189061316.5932
2019-06-03,80345418.3558
2019-06-02,79112822.796
2019-06-01,174940725.8199
2019-05-31,291707289.852
2019-05-30,139788877.323
2019-05-29,134279873.6864
2019-05-28,179353690.641
2019-05-27,190510656.107
2019-05-26,62381654.186
2019-05-25,157606998.691
2019-05-24,151053338.865
2019-05-23,162680990.5773
2019-05-22,141589252.425
2019-05-21,251989801.622
2019-05-20,293462035.909
2019-05-19,117316463.303
2019-05-18,455963414.171
2019-05-17,295196717.872
2019-05-16,284130100.072
2019-05-15,372592512.215
2019-05-14,459019962.2457
2019-05-13,437929061.168
2019-05-12,358764816.185
2019-05-11,169471566.4152
2019-05-10,127082999.944
2019-05-09,92603630.084
2019-05-08,147447099.5428
2019-05-07,84401987.3554
2019-05-06,55755075.3708
2019-05-05,120664799.3124
2019-05-04,171606287.044
2019-05-03,68390511.7848
2019-05-02,51098585.5099
2019-05-01,65541116.0006
2019-04-30,254115382.611
2019-04-29,104885492.521
2019-04-28,153300178.685
2019-04-27,344577947.067
2019-04-26,346365600.4305
2019-04-25,360348203.347
2019-04-24,371060447.142
2019-04-23,268620376.3607
2019-04-22,179818212.164
2019-04-21,147414017.448
2019-04-20,186470171.4552
2019-04-19,217894138.414
2019-04-18,242366222.397
2019-04-17,205894131.1575
2019-04-16,203887934.275
2019-04-15,131452793.074
2019-04-14,106569784.6862
2019-04-13,242714312.887
2019-04-12,363638962.689
2019-04-11,368160408.1908
2019-04-10,411383523.388
2019-04-09,526197764.236
2019-04-08,382675686.0166
2019-04-07,329404453.258
2019-04-06,335980018.869
2019-04-05,476408009.5764
2019-04-04,963281105.105
2019-04-03,879572364.118
2019-04-02,178833230.7077
2019-04-01,53646013.3376
2019-03-31,104313150.454
2019-03-30,168998311.248
2019-03-29,72542414.4438
2019-03-28,135317924.546
2019-03-27,77182620.0366
2019-03-26,133869301.189
2019-03-25,48747233.8458
2019-03-24,57296676.7912
2019-03-23,67712123.9106
2019-03-22,166103501.487
2019-03-21,147543802.276
2019-03-20,103002102.013
2019-03-19,115735520.381
2019-03-18,105693358.7448
2019-03-17,184298451.339
2019-03-16,296835128.525
2019-03-15,168146954.5833
2019-03-14,159688391.152
2019-03-13,209075742.723
2019-03-12,116557011.3127
2019-03-11,83936704.4613
2019-03-10,111238999.357
2019-03-09,317288682.4932
2019-03-08,136348518.422
2019-03-07,148582990.045
2019-03-06,278485172.505
2019-03-05,216413666.72
2019-03-04,79501797.9448
2019-03-03,120293269.5584
2019-03-02,156175559.744
2019-03-01,245942956.397
2019-02-28,226984139.4655
2019-02-27,127504717.252
2019-02-26,1734750235.88
2019-02-25,400105758.6783
2019-02-24,242874099.036
2019-02-23,157385980.252
2019-02-22,196426384.1712
2019-02-21,235445371.308
2019-02-20,374321248.654
2019-02-19,429150386.544
2019-02-18,224982994.973
2019-02-17,93191938.5265
2019-02-16,120798170.078
2019-02-15,162192885.407
2019-02-14,238668724.195
2019-02-13,163866857.0902
2019-02-12,145036524.776
2019-02-11,153422578.816
2019-02-10,106699453.4838
2019-02-09,301771987.603
2019-02-08,58905094.7252
2019-02-07,143900701.53
2019-02-06,75066281.3502
2019-02-05,63553033.7805
2019-02-04,80969399.1302
2019-02-03,73800005.4882
2019-02-02,119780828.04
2019-02-01,112849977.6102
2019-01-31,160951786.0
2019-01-30,125314902.44
2019-01-29,219370864.0452
2019-01-28,162815294.3
2019-01-27,157218439.56
2019-01-26,184223340.8878
2019-01-25,151516265.225
2019-01-24,204197869.728
2019-01-23,209940367.5135
2019-01-22,200754427.999
2019-01-21,217211992.53
2019-01-20,205575557.0148
2019-01-19,208367429.891
2019-01-18,206239337.2
2019-01-17,237255849.8063
2019-01-16,268546359.52
2019-01-15,266949739.431
2019-01-14,170721560.2716
2019-01-13,165382202.229
2019-01-12,245745577.751
2019-01-11,465176834.075
2019-01-10,413021289.116
2019-01-09,340650855.444
2019-01-08,314915700.8125
2019-01-07,278935705.87
2019-01-06,182621668.132
2019-01-05,293647134.8172
2019-01-04,203230963.078
2019-01-03,252710143.659
2019-01-02,241928399.1936
2019-01-01,255956548.177
2018-12-31,252556851.442
2018-12-30,273159528.0084
2018-12-29,337406200.391
2018-12-28,382232905.934
2018-12-27,332210350.9134
2018-12-26,333028124.715
2018-12-25,473121207.318
2018-12-24,363146370.6295
2018-12-23,352851757.816
2018-12-22,387644391.352
2018-12-21,938950259.6941
2018-12-20,774377235.18
2018-12-19,646102993.812
2018-12-18,501899316.0194
2018-12-17,343147308.549
2018-12-16,215050882.8
2018-12-15,406362868.6126
2018-12-14,383570307.137
2018-12-13,308613011.673
2018-12-12,306997665.7128
2018-12-11,363550072.674
2018-12-10,341852239.595
2018-12-09,501085554.5682
2018-12-08,602479277.008
2018-12-07,711072414.983
2018-12-06,412960592.3912
2018-12-05,360463175.558
2018-12-04,431140475.811
2018-12-03,314509624.5
2018-12-02,311020128.45
2018-12-01,463868071.37
2018-11-30,564041239.0394
2018-11-29,694205696.001
2018-11-28,693105022.051
2018-11-27,784661844.5325
2018-11-26,777305525.378
2018-11-25,854858771.899
2018-11-24,489895164.5904
2018-11-23,499912457.659
2018-11-22,515936600.337
2018-11-21,1455657697.6194
2018-11-20,1286922323.88
2018-11-19,520520304.914
2018-11-18,187745032.4724
2018-11-17,295708090.718
2018-11-16,598382905.457
2018-11-15,1068777739.766
2018-11-14,394394702.049
2018-11-13,233379998.458
2018-11-12,149652633.413
2018-11-11,130081811.034
2018-11-10,165583852.478
2018-11-09,268942797.627
2018-11-08,243318834.883
2018-11-07,282785375.573
2018-11-06,161192819.424
2018-11-05,181319289.622
2018-11-04,170377979.276
2018-11-03,191863094.391
2018-11-02,213130474.222
2018-11-01,218561001.317
2018-10-31,237445610.0415
2018-10-30,272566870.049
2018-10-29,227993897.59
2018-10-28,141089199.0627
2018-10-27,170476989.601
2018-10-26,196903747.491
2018-10-25,230782191.7884
2018-10-24,228326458.193
2018-10-23,214509494.382
2018-10-22,134160567.1176
2018-10-21,139219682.748
2018-10-20,196192211.143
2018-10-19,296802022.5684
2018-10-18,248067803.47
2018-10-17,288830228.196
2018-10-16,1178100920.2503
2018-10-15,571754179.652
2018-10-14,189122800.707
2018-10-13,215730649.56
2018-10-12,326313131.205
2018-10-11,571216726.951
2018-10-10,193623568.374
2018-10-09,225814169.298
2018-10-08,203461059.207
2018-10-07,161983068.3956
2018-10-06,209968177.957
2018-10-05,220257654.743
2018-10-04,303440379.4444
2018-10-03,332298092.851
2018-10-02,257999312.568
2018-10-01,218012664.3032
2018-09-30,190991380.691
2018-09-29,373219094.661
2018-09-28,346892752.0064
2018-09-27,283381555.359
2018-09-26,312748554.376
2018-09-25,331869673.6305
2018-09-24,273203917.31
2018-09-23,251395241.278
2018-09-22,562369970.232
2018-09-21,524769683.693
2018-09-20,425834153.35
2018-09-19,286102549.0962
2018-09-18,346869668.289
2018-09-17,217488658.758
2018-09-16,162919518.615
2018-09-15,232655320.566
2018-09-14,360631436.305
2018-09-13,310389619.7556
2018-09-12,321882304.55
2018-09-11,314617783.777
2018-09-10,277073175.0644
2018-09-09,338680872.52
2018-09-08,291261346.933
2018-09-07,771294810.4338
2018-09-06,963691917.602
2018-09-05,534640696.636
2018-09-04,347423826.5848
2018-09-03,398104449.349
2018-09-02,500527999.011
2018-09-01,371447313.6576
2018-08-31,401228805.885
2018-08-30,386739901.365
2018-08-29,511091113.8893
2018-08-28,488528814.769
2018-08-27,258650857.755
2018-08-26,282579594.6204
2018-08-25,360769405.462
2018-08-24,309487742.007
2018-08-23,758373447.51
2018-08-22,578694712.348
2018-08-21,494275683.794
2018-08-20,242872344.6024
2018-08-19,250407540.753
2018-08-18,366208610.752
2018-08-17,395312232.81
2018-08-16,608876687.755
2018-08-15,702473673.063
2018-08-14,466729007.056
2018-08-13,401920311.755
2018-08-12,441814690.672
2018-08-11,589620096.576
2018-08-10,486037319.608
2018-08-09,616864330.662
2018-08-08,508615426.2348
2018-08-07,367996501.76
2018-08-06,321607416.453
2018-08-05,485518589.8088
2018-08-04,450885758.335
2018-08-03,473049731.69
2018-08-02,561036987.738
2018-08-01,709577850.343
2018-07-31,685149433.582
2018-07-30,244581855.3829
2018-07-29,261609974.091
2018-07-28,437067809.34
2018-07-27,569963389.5512
2018-07-26,506038858.738
2018-07-25,864732263.062
2018-07-24,705993833.706
2018-07-23,547531100.766
2018-07-22,233536540.36
2018-07-21,523947504.4375
2018-07-20,490150501.943
2018-07-19,559342105.92
2018-07-18,761941225.026
2018-07-17,499528836.874
2018-07-16,301675832.614
2018-07-15,164361051.426
2018-07-14,243555155.304
2018-07-13,304859782.217
2018-07-12,275030732.0278
2018-07-11,361861965.471
2018-07-10,385405419.243
2018-07-09,220696037.4376
2018-07-08,285993884.485
2018-07-07,216238561.658
2018-07-06,368324017.1091
2018-07-05,359185743.354
2018-07-04,345023639.282
2018-07-03,406984481.0588
2018-07-02,281178824.109
2018-07-01,224327884.551
2018-06-30,514392178.4736
2018-06-29,414797814.076
2018-06-28,262900494.388
2018-06-27,326673797.5094
2018-06-26,363193880.435
2018-06-25,501623219.864
2018-06-24,289224701.2362
2018-06-23,558291379.517
2018-06-22,478403874.506
2018-06-21,302034265.9362
2018-06-20,309788517.027
2018-06-19,233317200.375
2018-06-18,184473224.2522
2018-06-17,121723139.681
2018-06-16,172210435.533
2018-06-15,603633809.7738
2018-06-14,507468883.675
2018-06-13,582320290.437
2018-06-12,459832204.8818
2018-06-11,378492500.753
2018-06-10,736759768.936
2018-06-09,245102804.0624
2018-06-08,192350883.744
2018-06-07,226860730.568
2018-06-06,379726332.7494
2018-06-05,310610271.672
2018-06-04,294372762.302
2018-06-03,307593603.3828
2018-06-02,240176294.701
2018-06-01,302871386.69
2018-05-31,378650506.1856
2018-05-30,339813351.378
2018-05-29,457810459.531
2018-05-28,279306859.8048
2018-05-27,212506321.225
2018-05-26,206933926.372
2018-05-25,731051376.6528
2018-05-24,621630127.483
2018-05-23,699344596.528
2018-05-22,371715199.5491
2018-05-21,289720578.797
2018-05-20,262757456.592
2018-05-19,447479924.2704
2018-05-18,412136776.741
2018-05-17,424479322.034
2018-05-16,643573959.145
2018-05-15,454469063.702
2018-05-14,706860457.891
2018-05-13,695724449.4096
2018-05-12,614413743.662
2018-05-11,463167940.332
2018-05-10,565867529.934
2018-05-09,488309747.671
2018-05-08,517076475.258
2018-05-07,531232089.8976
2018-05-06,469126978.35
2018-05-05,537691046.682
2018-05-04,826646057.0515
2018-05-03,680877288.733
2018-05-02,388274885.067
2018-05-01,512078867.4795
2018-04-30,418094847.724
2018-04-29,462929664.353
2018-04-28,622772523.1995
2018-04-27,585397247.861
2018-04-26,844331716.075
2018-04-25,1227082384.8822
2018-04-24,1018367445.35
2018-04-23,450699812.65
2018-04-22,750430994.908
2018-04-21,651772735.957
2018-04-20,794298021.36
2018-04-19,547100495.37
2018-04-18,464196480.757
2018-04-17,394991691.109
2018-04-16,529840058.865
2018-04-15,463617555.313
2018-04-14,436167916.733
2018-04-13,1477855674.802
2018-04-12,1299643867.99
2018-04-11,307821267.926
2018-04-10,836397533.2548
2018-04-09,753187037.302
2018-04-08,326416046.978
2018-04-07,513594758.6484
2018-04-06,462008926.051
2018-04-05,609341543.744
2018-04-04,841607108.5016
2018-04-03,750173781.592
2018-04-02,607508836.228
2018-04-01,828105595.6824
2018-03-31,754226245.426
2018-03-30,1352337905.12
2018-03-29,589107762.5112
2018-03-28,526257701.607
2018-03-27,706985634.736
2018-03-26,579084803.85
2018-03-25,497976127.752
2018-03-24,638996171.227
2018-03-23,946210970.4005
2018-03-22,826892556.905
2018-03-21,770717053.191
2018-03-20,1353859594.1104
2018-03-19,1183523625.16
2018-03-18,1270330308.34
2018-03-17,973873396.0022
2018-03-16,771954415.419
2018-03-15,1315209565.09
2018-03-14,1112391454.4028
2018-03-13,1013634517.58
2018-03-12,1145556674.73
2018-03-11,897354070.8552
2018-03-10,870115563.807
2018-03-09,1735625689.9
2018-03-08,1677040469.5836
2018-03-07,1355596866.82
2018-03-06,969993576.732
2018-03-05,642906304.456
2018-03-04,542742758.512
2018-03-03,663520514.009
2018-03-02,877677223.9032
2018-03-01,790675903.745
2018-02-28,871257587.96
2018-02-27,1102352166.9636
2018-02-26,982054724.804
2018-02-25,619244270.723
2018-02-24,1286052865.794
2018-02-23,1156539785.89
2018-02-22,1395055528.71
2018-02-21,1482868607.2068
2018-02-20,1258473015.6
2018-02-19,1020588579.34
2018-02-18,1215318036.3898
2018-02-17,973554319.908
2018-02-16,866501985.708
2018-02-15,1138250927.2096
2018-02-14,915165499.846
2018-02-13,188454378.603
2018-02-12,858240548.9922
2018-02-11,796391653.709
2018-02-10,918540174.469
2018-02-09,1400664131.4024
2018-02-08,1336661910.51
2018-02-07,1670287563.74
2018-02-06,2089572991.491
2018-02-05,1793319477.25
2018-02-04,1080682794.74
2018-02-03,2491149103.6881
2018-02-02,2213436748.09
2018-02-01,1509688358.17
2018-01-31,1445440048.8948
2018-01-30,1266284116.13
2018-01-29,611119735.311
2018-01-28,873498645.6154
2018-01-27,763094646.01
2018-01-26,1135179206.75
2018-01-25,1076890874.306
2018-01-24,921820890.749
2018-01-23,1305109027.98
2018-01-22,1175503832.9436
2018-01-21,436195518.928
2018-01-20,1097313787.36
2018-01-19,1934446829.373
2018-01-18,1771113579.47
2018-01-17,2926596198.21
2018-01-16,787732866.9914
2018-01-15,758546178.583
2018-01-14,804914641.612
2018-01-13,946314221.587
2018-01-12,1014053986.14
2018-01-11,1663185737.56
2018-01-10,1116810955.326
2018-01-09,1182426648.29
2018-01-08,1742246003.55
2018-01-07,906109684.557
2018-01-06,1024721001.25
2018-01-05,1764169571.11
2018-01-04,1059922923.7584
2018-01-03,1138506779.2
2018-01-02,1567582731.9
2018-01-01,1000379552.84
2017-12-31,1142728354.65
2017-12-30,1728481566.87
2017-12-29,1607020050.9088
2017-12-28,1883494461.43
2017-12-27,1619268857.17
2017-12-26,988326041.111
2017-12-25,1134112808.24
2017-12-24,1798168177.65
2017-12-23,1758482732.8843
2017-12-22,5352015515.54
2017-12-21,1989091729.43
2017-12-20,1981230494.7758
2017-12-19,2215330000.93
2017-12-18,2021140821.09
2017-12-17,1363500363.066
2017-12-16,1636509991.67
2017-12-15,2066395216.58
2017-12-14,1705817591.5657
2017-12-13,2027550684.5
2017-12-12,1992977378.0
2017-12-11,2382377788.817
2017-12-10,2539286892.7
2017-12-09,2195860926.73
2017-12-08,4956849516.1936
2017-12-07,4548758961.59
2017-12-06,1982715220.45
2017-12-05,1369623771.249
2017-12-04,1283672891.4
2017-12-03,592011274.216
2017-12-02,1740537525.8832
2017-12-01,1589331512.94
2017-11-30,2130663923.37
2017-11-29,996705854.69
2017-11-28,824886242.442
2017-11-27,1100089826.5
2017-11-26,808031942.176
2017-11-25,677327101.077
2017-11-24,644675714.794
2017-11-23,550836992.2744
2017-11-22,494283581.323
2017-11-21,1004515766.65
2017-11-20,628384809.3768
2017-11-19,541743546.81
2017-11-18,541082170.875
2017-11-17,1311892193.3026
2017-11-16,1167106378.18
2017-11-15,925948609.953
2017-11-14,1418267494.4152
2017-11-13,1259093767.51
2017-11-12,1601736904.28
2017-11-11,1287567382.7688
2017-11-10,1128392930.68
2017-11-09,528018381.566
2017-11-08,598849173.4176
2017-11-07,533993339.48
2017-11-06,832822399.364
2017-11-05,655029352.6182
2017-11-04,563573963.149
2017-11-03,374814688.995
2017-11-02,753929800.389
2017-11-01,630017228.472
2017-10-31,454449998.266
2017-10-30,938648249.2575
2017-10-29,572711007.534
2017-10-28,278764450.64
2017-10-27,475131131.5198
2017-10-26,450583865.777
2017-10-25,446193087.806
2017-10-24,704517582.7138
2017-10-23,633277065.085
2017-10-22,469066735.292
2017-10-21,697705154.6796
2017-10-20,583507046.857
2017-10-19,376178013.951
2017-10-18,330582864.74
2017-10-17,322503478.12
2017-10-16,322723336.557
2017-10-15,337135010.2458
2017-10-14,328701504.664
2017-10-13,953598649.483
2017-10-12,295127991.4344
2017-10-11,296445764.423
2017-10-10,347920434.56
2017-10-09,251605409.5926
2017-10-08,282133882.842
2017-10-07,89524651.8704
2017-10-06,205725059.176
2017-10-05,87904264.4154
2017-10-04,204003764.234
2017-10-03,241311075.5808
2017-10-02,250398347.646
2017-10-01,171779832.268
2017-09-30,274136475.9474
2017-09-29,289284083.41
2017-09-28,275531143.16
2017-09-27,179435745.21
2017-09-26,175299977.813
2017-09-25,284073950.939
2017-09-24,188450162.439
2017-09-23,179361985.991
2017-09-22,317303697.725
2017-09-21,257063837.0904
2017-09-20,229919029.848
2017-09-19,349157038.323
2017-09-18,239259978.2484
2017-09-17,249840870.738
2017-09-16,474370445.674
2017-09-15,790068008.2001
2017-09-14,736178849.381
2017-09-13,541722553.543
2017-09-12,274429793.0583
2017-09-11,250115590.43
2017-09-10,331793077.941
2017-09-09,559278215.7192
2017-09-08,503768705.755
2017-09-07,222544560.603
2017-09-06,513071150.6586
2017-09-05,467133132.497
2017-09-04,513527217.625
2017-09-03,516978170.6254
2017-09-02,440710136.097
2017-09-01,338585244.353
2017-08-31,225853164.216
2017-08-30,202687613.64
2017-08-29,317010671.855
2017-08-28,122880681.066
2017-08-27,112660557.887
2017-08-26,139377309.636
2017-08-25,243781229.4927
2017-08-24,218844386.91
2017-08-23,257486335.949
2017-08-22,289961249.8068
2017-08-21,123200186.512
2017-08-20,177654410.099
2017-08-19,444138488.1736
2017-08-18,373082615.758
2017-08-17,351792037.668
2017-08-16,106742514.4999
2017-08-15,592573698.11
2017-08-14,168021272.437
2017-08-13,47778543.112
2017-08-12,332122906.138
2017-08-11,195208159.043
2017-08-10,47694722.4248
2017-08-09,199170113.976
2017-08-08,241759565.089
2017-08-07,19262002.55
2017-08-06,122798187.412
2017-08-05,344352179.137
2017-08-04,22268580.3
2017-08-03,113131475.037
2017-08-02,117440138.307
2017-08-01,31819215.357
2017-07-31,127009234.077
2017-07-30,152859034.121
2017-07-29,39186953.704
2017-07-28,232077673.061
2017-07-27,146490393.915
2017-07-26,54707494.204
2017-07-25,288015952.527
2017-07-24,139976350.754
2017-07-23,36210182.1295
2017-07-22,215642445.092
2017-07-21,384806565.9
2017-07-20,38549139.9111
2017-07-19,186988238.224
2017-07-18,262461203.849
2017-07-17,48851609.4536
2017-07-16,152530374.288
2017-07-15,205297978.826
2017-07-14,19740363.335
2017-07-13,106346343.51
2017-07-12,153172924.853
2017-07-11,40483407.3522
2017-07-10,163706108.822
2017-07-09,56620250.1836
2017-07-08,23595437.3354
2017-07-07,116912656.444
2017-07-06,93522266.9879
2017-07-05,25122144.1961
2017-07-04,130187106.935
2017-07-03,131455113.207
2017-07-02,21447811.6312
2017-07-01,96748666.5112
2017-06-30,103718383.041
2017-06-29,31932419.187
2017-06-28,157399624.665
2017-06-27,239311708.341
2017-06-26,25870164.5301
2017-06-25,135111001.588
2017-06-24,146373123.475
2017-06-23,29296358.168
2017-06-22,143429984.705
2017-06-21,208033200.754
2017-06-20,27543022.0
2017-06-19,146249310.048
2017-06-18,146939437.219
2017-06-17,34208779.4202
2017-06-16,195907758.543
2017-06-15,435834778.645
2017-06-14,44052895.26
2017-06-13,204283558.773
2017-06-12,393739719.856
2017-06-11,27858066.2451
2017-06-10,154123952.097
2017-06-09,108367646.935
2017-06-08,45523077.3312
2017-06-07,205713695.041
2017-06-06,371264851.949
2017-06-05,22289105.3668
2017-06-04,120095754.434
2017-06-03,129006639.128
2017-06-02,44285186.9709
2017-06-01,198826825.007
2017-05-31,204425185.126
2017-05-30,27788568.2928
2017-05-29,133826839.147
2017-05-28,185870201.067
2017-05-27,64580050.7724
2017-05-26,324426983.641
2017-05-25,401279047.703
2017-05-24,31598452.9344
2017-05-23,203482045.58
2017-05-22,295717901.863
2017-05-21,24757265.5744
2017-05-20,136549462.18
2017-05-19,154137281.048
2017-05-18,31802940.1008
2017-05-17,132248945.78
2017-05-16,108385267.369
2017-05-15,8581202.0
2017-05-14,61547076.2306
2017-05-13,111469417.308
2017-05-12,26974512.67
2017-05-11,151505814.831
2017-05-10,131817395.911
2017-05-09,31765892.653
2017-05-08,139627613.286
2017-05-07,62492472.1885
2017-05-06,23708416.5
2017-05-05,136654833.459
2017-05-04,178681011.557
2017-05-03,12982815.391
2017-05-02,86306466.1608
2017-05-01,102136864.537
2017-04-30,5235290.85
2017-04-29,45569576.9202
2017-04-28,61518505.2532
2017-04-27,11210449.5126
2017-04-26,64754541.4959
2017-04-25,45876269.7682
2017-04-24,3232723.2268
2017-04-23,48203962.2633
2017-04-22,47589977.2338
2017-04-21,7401082.1544
2017-04-20,61652281.0263
2017-04-19,38464163.437
2017-04-18,4149184.1107
2017-04-17,45260449.2431
2017-04-16,19916836.2631
2017-04-15,10502646.7896
2017-04-14,43219939.6909
2017-04-13,61700362.5584
2017-04-12,4252905.1831
2017-04-11,39985187.8193
2017-04-10,41204040.5529
2017-04-09,3218963.1595
2017-04-08,31335396.1477
2017-04-07,60427563.1958
2017-04-06,6324972.7117
2017-04-05,58001639.013
2017-04-04,67370298.1789
2017-04-03,8283501.7002
2017-04-02,59295644.2559
2017-04-01,40562346.1917
2017-03-31,8954743.434
2017-03-30,65011056.2651
2017-03-29,61677763.7339
2017-03-28,9014906.7008
2017-03-27,79080569.2412
2017-03-26,71646630.0478
2017-03-25,14801847.5571
2017-03-24,83342548.5898
2017-03-23,47857364.1617
2017-03-22,12365630.34
2017-03-21,78169421.5198
2017-03-20,58718869.9629
2017-03-19,20683899.5819
2017-03-18,167014110.784
2017-03-17,145734375.199
2017-03-16,4909138.08
2017-03-15,48633668.4881
2017-03-14,51575349.1913
2017-03-13,7110415.64
2017-03-12,52464174.422
2017-03-11,82143460.8364
2017-03-10,9159399.6732
2017-03-09,64999435.16
2017-03-08,101928717.123
2017-03-07,5472869.325
2017-03-06,38898409.9837
2017-03-05,27572866.8123
2017-03-04,9709655.67
2017-03-03,64767014.9663
2017-03-02,83439118.7659
2017-03-01,8993970.4559
2017-02-28,44954233.9267
2017-02-27,39226303.2747
2017-02-26,7174328.5198
2017-02-25,44343352.2449
2017-02-24,137557162.437
2017-02-23,13221162.2004
2017-02-22,59657200.0933
2017-02-21,67820657.9251
2017-02-20,2386315.596
2017-02-19,18054662.2988
2017-02-18,29732832.5167
2017-02-17,6172255.776
2017-02-16,41105343.501
2017-02-15,22919392.205
2017-02-14,4552916.952
2017-02-13,29689012.9491
2017-02-12,14753502.2944
2017-02-11,10764385.1601
2017-02-10,64475260.1991
2017-02-09,141974564.616
2017-02-08,5657035.6608
2017-02-07,40471212.3532
2017-02-06,27544311.1141
2017-02-05,5977596.7455
2017-02-04,43595760.4769
2017-02-03,54515239.4869
2017-02-02,6847946.828
2017-02-01,35717457.4339
2017-01-31,50109300.3575
2017-01-30,1219424.7139
2017-01-29,8485259.81217
2017-01-28,12103240.4581
2017-01-27,4725016.2335
2017-01-26,26226846.7075
2017-01-25,29651242.1492
2017-01-24,3210327.312
2017-01-23,24607895.5301
2017-01-22,41096750.8557
2017-01-21,5933570.218
2017-01-20,27016866.7628
2017-01-19,43734448.3377
2017-01-18,11126738.064
2017-01-17,66791560.4
2017-01-16,22109924.9
2017-01-15,5423872.0505
2017-01-14,27475928.3
2017-01-13,55509952.11
2017-01-12,28015965.7428
2017-01-11,131253668.4
2017-01-10,31485218.71
2017-01-09,8183329.3367
2017-01-08,55303632.48
2017-01-07,97175659.27
2017-01-06,36041021.226
2017-01-05,208498259.79
2017-01-04,143134274.56
2017-01-03,8324525.7718
2017-01-02,57597031.98
2017-01-01,33991911.05
2016-12-31,10303871.5912
2016-12-30,55218054.01
2016-12-29,49469080.76
2016-12-28,6692540.341
2016-12-27,36349743.36
2016-12-26,30528384.49
2016-12-25,5393160.608
2016-12-24,36632649.45
2016-12-23,71128607.54
2016-12-22,7825180.1957
2016-12-21,44854043.02
2016-12-20,19671152.56
2016-12-19,1986896.331
2016-12-18,10243644.93
2016-12-17,17068492.25
2016-12-16,2363198.5804
2016-12-15,15357872.53
2016-12-14,14993051.05
2016-12-13,2197479.4344
2016-12-12,19721035.41
2016-12-11,19721035.41
2016-12-10,2203083.4956
2016-12-09,16139725.07
2016-12-08,18396293.92
2016-12-07,5132222.0709
2016-12-06,20977699.21
2016-12-05,26745481.44
2016-12-04,2127831.7736
2016-12-03,15079718.4
2016-12-02,33314155.04
2016-12-01,4637396.952
2016-11-30,21330877.48
2016-11-29,18774731.95
2016-11-28,2508383.0935
2016-11-27,11359826.8
2016-11-26,12319132.96
2016-11-25,2972537.33
2016-11-24,16755125.57
2016-11-23,19866229.88
2016-11-22,2958595.5438
2016-11-21,18741837.41
2016-11-20,26489236.67
2016-11-19,3199118.274
2016-11-18,22349404.15
2016-11-17,36131321.21
2016-11-16,4100191.1224
2016-11-15,22288622.3
2016-11-14,20324888.37
2016-11-13,1974698.9952
2016-11-12,13568553.68
2016-11-11,14008613.89
2016-11-10,7017410.01
2016-11-09,40308934.74
2016-11-08,21720391.23
2016-11-07,1637884.8196
2016-11-06,15385463.92
2016-11-05,14017411.02
2016-11-04,8276087.9607
2016-11-03,56296677.02
2016-11-02,24177015.54
2016-11-01,3245201.8889
2016-10-31,23116856.38
2016-10-30,21222263.79
2016-10-29,2462999.9235
2016-10-28,22221917.84
2016-10-27,26863753.64
2016-10-26,3991981.368
2016-10-25,23862151.32
2016-10-24,17690445.87
2016-10-23,2842323.4125
2016-10-22,22686988.34
2016-10-21,16705327.88
2016-10-20,2796925.7268
2016-10-19,20346645.9
2016-10-18,14579936.51
2016-10-17,824156.2854
2016-10-16,6985758.74
2016-10-15,6525990.94
2016-10-14,1509943.9908
2016-10-13,14355952.05
2016-10-12,14634705.6
2016-10-11,1411407.4091
2016-10-10,13372142.53
2016-10-09,6954834.42
2016-10-08,2480451.3104
2016-10-07,15826419.3
2016-10-06,10859575.08
2016-10-05,1793810.0894
2016-10-04,12709516.17
2016-10-03,11646426.4
2016-10-02,894828.204
2016-10-01,7094655.17
2016-09-30,12885196.88
2016-09-29,1341833.2005
2016-09-28,9494530.32
2016-09-27,12980365.42
2016-09-26,650995.4232
2016-09-25,6562797.42
2016-09-24,6905876.28
2016-09-23,1382424.16
2016-09-22,12923838.33
2016-09-21,20607535.08
2016-09-20,1507194.325
2016-09-19,12354975.67
2016-09-18,9289978.56
2016-09-17,1586068.0416
2016-09-16,12836700.34
2016-09-15,11891587.39
2016-09-14,2112952.4274
2016-09-13,32818905.11
2016-09-12,24913919.86
2016-09-11,948942.5085
2016-09-10,13826608.28
2016-09-09,16550749.95
2016-09-08,2769704.9361
2016-09-07,16922951.23
2016-09-06,14155539.59
2016-09-05,2386266.845
2016-09-04,22587938.84
2016-09-03,40400922.25
2016-09-02,1629719.65
2016-09-01,14999479.54
2016-08-31,15333990.49
2016-08-30,1333109.475
2016-08-29,13006720.33
2016-08-28,6969155.03
2016-08-27,1900372.1955
2016-08-26,12305907.42
2016-08-25,18023876.4
2016-08-24,2443582.7052
2016-08-23,19520117.27
2016-08-22,19463587.59
2016-08-21,1404742.3224
2016-08-20,16537121.82
2016-08-19,15567926.13
2016-08-18,2345756.1316
2016-08-17,21788909.85
2016-08-16,20633789.33
2016-08-15,2730947.824
2016-08-14,15817470.27
2016-08-13,11882577.72
2016-08-12,1488764.2651
2016-08-11,26073725.34
2016-08-10,34991566.07
2016-08-09,1885946.7891
2016-08-08,15361103.59
2016-08-07,20475426.29
2016-08-06,2754594.2024
2016-08-05,16566325.51
2016-08-04,24001987.5
2016-08-03,11515126.1064
2016-08-02,57403494.65
2016-08-01,39937694.38
2016-07-31,467480.8008
2016-07-30,11399491.45
2016-07-29,16612345.86
2016-07-28,1748153.5991
2016-07-27,27438393.38
2016-07-26,30492846.55
2016-07-25,944103.9448
2016-07-24,23219394.38
2016-07-23,22033362.32
2016-07-22,1667556.32
2016-07-21,19396531.87
2016-07-20,21835386.17
2016-07-19,2028219.0744
2016-07-18,30616321.58
2016-07-17,26346610.59
2016-07-16,2142395.5036
2016-07-15,26928546.83
2016-07-14,34318017.31
2016-07-13,2846618.325
2016-07-12,48343367.13
2016-07-11,26402272.48
2016-07-10,4006561.526
2016-07-09,78574448.68
2016-07-08,46643049.37
2016-07-07,2399003.3312
2016-07-06,27360174.45
2016-07-05,31161665.02
2016-07-04,4817101.131
2016-07-03,57134569.79
2016-07-02,45483640.65
2016-07-01,5019136.608
2016-06-30,66687600.54
2016-06-29,68912927.9
2016-06-28,5574406.0895
2016-06-27,59731341.43
2016-06-26,50909007.76
2016-06-25,10751720.0
2016-06-24,117308802.54
2016-06-23,145480129.31
2016-06-22,21974290.214
2016-06-21,149642818.36
2016-06-20,36207387.18
2016-06-19,4438797.3212
2016-06-18,85041797.51
2016-06-17,128874495.58
2016-06-16,4007337.4088
2016-06-15,48065817.39
2016-06-14,84746672.71
2016-06-13,9494228.6385
2016-06-12,143472595.475
2016-06-11,24538115.3284
2016-06-10,2166874.9008
2016-06-09,30222288.2144
2016-06-08,28300189.1564
2016-06-07,2590286.686
2016-06-06,34509545.4635
2016-06-05,30675648.696
2016-06-04,4962277.41
2016-06-03,60092817.477
2016-06-02,26922628.8648
2016-06-01,6420111.8632
2016-05-31,59032595.9724
2016-05-30,41187985.5816
2016-05-29,6618263.8144
2016-05-28,68432471.5568
2016-05-27,62133880.5648
2016-05-26,1645517.51
2016-05-25,17482963.7888
2016-05-24,15674746.7744
2016-05-23,1028462.0779
2016-05-22,12185445.8837
2016-05-21,11310985.6272
2016-05-20,2591780.9085
2016-05-19,26518499.388
2016-05-18,14866087.635
2016-05-17,1427548.52
2016-05-16,17875806.6495
2016-05-15,9548354.6085
2016-05-14,1292090.163
2016-05-13,15841283.8822
2016-05-12,22652718.674
2016-05-11,2588829.54
2016-05-10,28095275.361
2016-05-09,23824164.1218
2016-05-08,922396.0998
2016-05-07,15060351.768
2016-05-06,32475379.4496
2016-05-05,1482396.1684
2016-05-04,18922797.276
2016-05-03,23866897.4145
2016-05-02,538938.63
2016-05-01,10517715.5446
2016-04-30,17046473.3408
2016-04-29,3942954.2498
2016-04-28,38051508.648
2016-04-27,42654741.3584
2016-04-26,2590337.625
2016-04-25,36817995.5136
2016-04-24,29353633.4626
2016-04-23,2462251.506
2016-04-22,23844241.7205
2016-04-21,29501269.424
2016-04-20,1653545.2715
2016-04-19,17920859.9415
2016-04-18,17694903.8592
2016-04-17,795354.4586
2016-04-16,13788621.1134
2016-04-15,22879890.5172
2016-04-14,1661294.8845
2016-04-13,16364789.57
2016-04-12,25818110.244
2016-04-11,741403.575
2016-04-10,9701992.4954
2016-04-09,12511808.476
2016-04-08,1347766.5325
2016-04-07,17028964.2194
2016-04-06,15707133.7908
2016-04-05,1459218.3483
2016-04-04,15550675.1492
2016-04-03,10626132.6415
2016-04-02,1558131.7632
2016-04-01,16409420.6304
2016-03-31,18808489.1414
2016-03-30,2467410.471
2016-03-29,30415319.922
2016-03-28,19238321.7855
2016-03-27,522917.8752
2016-03-26,12371345.8365
2016-03-25,14830264.68
2016-03-24,2067894.7164
2016-03-23,16895793.7908
2016-03-22,21365652.9856
2016-03-21,1060913.1582
2016-03-20,13576322.2292
2016-03-19,15007027.5693
2016-03-18,1558879.4349
2016-03-17,18657007.429
2016-03-16,19419077.2239
2016-03-15,1852141.869
2016-03-14,20597238.3355
2016-03-13,20282050.7868
2016-03-12,2516555.5253
2016-03-11,25307656.1388
2016-03-10,24022113.591
2016-03-09,2301767.077
2016-03-08,21813407.596
2016-03-07,25774187.7886
2016-03-06,6594012.9727
2016-03-05,50904367.533
2016-03-04,32002741.2982
2016-03-03,2421748.875
2016-03-02,26429723.2544
2016-03-01,30939871.9084
2016-02-29,1493821.132
2016-02-28,22184549.4353
2016-02-27,18649773.6191
2016-02-26,2363228.6296
2016-02-25,22095111.3957
2016-02-24,29085738.813
2016-02-23,2559334.9832
2016-02-22,25463328.1084
2016-02-21,45001750.1744
2016-02-20,2110655.6878
2016-02-19,22201850.3562
2016-02-18,32029699.8436
2016-02-17,3399915.2
2016-02-16,28047318.6816
2016-02-15,34078398.8376
2016-02-14,2713128.1344
2016-02-13,18777635.9201
2016-02-12,22212756.8286
2016-02-11,3787559.3118
2016-02-10,36978851.3269
2016-02-09,21330382.4776
2016-02-08,1082358.75
2016-02-07,15640570.8048
2016-02-06,30866009.8532
2016-02-05,5209435.44
2016-02-04,41655064.8085
2016-02-03,23767287.735
2016-02-02,2701707.5715
2016-02-01,28865406.8139
2016-01-31,17760429.7968
2016-01-30,5113886.1048
2016-01-29,54312432.201
2016-01-28,30483418.7072
2016-01-27,2599020.5106
2016-01-26,23253230.3312
2016-01-25,27947836.8106
2016-01-24,2976583.9622
2016-01-23,24905687.7316
2016-01-22,59059297.6044
2016-01-21,10593189.908
2016-01-20,78165567.7533
2016-01-19,25270093.755
2016-01-18,3204406.656
2016-01-17,25665045.6335
2016-01-16,71683286.4755
2016-01-15,1903928.829
2016-01-14,19112138.8037
2016-01-13,45901744.1211
2016-01-12,3582603.5752
2016-01-11,25254134.411
2016-01-10,20063783.1186
2016-01-09,4677703.9728
2016-01-08,41191540.305
2016-01-07,58478075.9822
2016-01-06,1677504.0775
2016-01-05,20487753.0816
2016-01-04,21949458.6916
2016-01-03,1287045.5504
2016-01-02,15069490.9225
2016-01-01,20406959.2119
2015-12-31,3319566.1609
2015-12-30,30700004.8378
2015-12-29,30691408.0275
2015-12-28,2936051.331
2015-12-27,31955095.3176
2015-12-26,91276222.4367
2015-12-25,4626576.0
2015-12-24,35843916.0595
2015-12-23,28293611.216
2015-12-22,8309217.9445
2015-12-21,52315624.452
2015-12-20,54181213.7719
2015-12-19,5971185.99
2015-12-18,37926164.8115
2015-12-17,30852734.187
2015-12-16,8341525.236
2015-12-15,55276209.2925
2015-12-14,108826070.44
2015-12-13,13096215.804
2015-12-12,107032617.755
2015-12-11,76154164.2851
2015-12-10,8971415.3397
2015-12-09,67053317.6352
2015-12-08,22999694.4828
2015-12-07,5678050.38
2015-12-06,58053909.7428
2015-12-05,58053909.7428
2015-12-04,4409145.9954
2015-12-03,32249807.7032
2015-12-02,34787805.3576
2015-12-01,6823690.0354
2015-11-30,51791731.6036
2015-11-29,23486321.6954
2015-11-28,4787408.7
2015-11-27,40156994.3037
2015-11-26,73195270.6758
2015-11-25,2763927.08
2015-11-24,16374683.094
2015-11-23,13615387.4073
2015-11-22,1657233.8601
2015-11-21,14198539.9096
2015-11-20,35862566.2785
2015-11-19,9056533.38
2015-11-18,25422981.2093
2015-11-17,32793891.7088
2015-11-16,8867123.5828
2015-11-15,34851429.837
2015-11-14,23982824.104
2015-11-13,12835814.5627
2015-11-12,56103254.6262
2015-11-11,92221766.362
2015-11-10,9695175.4772
2015-11-09,49017974.283
2015-11-08,34651606.9748
2015-11-07,17548684.1926
2015-11-06,104939430.582
2015-11-05,144544320.094
2015-11-04,31163707.43
2015-11-03,171565483.282
2015-11-02,70310557.4196
2015-11-01,8919365.481
2015-10-31,37428890.4535
2015-10-30,55263289.9077
2015-10-29,9523730.4594
2015-10-28,37507904.6835
2015-10-27,32420944.1352
2015-10-26,8441415.976
2015-10-25,34299506.0256
2015-10-24,15134081.82
2015-10-23,8290061.385
2015-10-22,25322556.8264
2015-10-21,17489825.2984
2015-10-20,4389432.475
2015-10-19,16059630.12
2015-10-18,16433851.5536
2015-10-17,9118255.68
2015-10-16,32045899.6602
2015-10-15,25643112.1254
2015-10-14,6466622.6288
2015-10-13,18384897.4317
2015-10-12,20041053.4464
2015-10-11,4258224.3976
2015-10-10,8756660.4624
2015-10-09,10246396.1292
2015-10-08,5776768.1073
2015-10-07,12400136.007
2015-10-06,16009447.9077
2015-10-05,3564285.024
2015-10-04,16040473.2191
2015-10-03,8661867.0532
2015-10-02,4844212.7981
2015-10-01,13003388.1582
2015-09-30,14408622.8398
2015-09-29,4200623.2356
2015-09-28,16626430.9986
2015-09-27,16033418.7104
2015-09-26,5305732.8734
2015-09-25,15237774.66
2015-09-24,16891696.6478
2015-09-23,4455143.0496
2015-09-22,19233663.3384
2015-09-21,13192196.6058
2015-09-20,2585884.7925
2015-09-19,9200032.6374
2015-09-18,13521375.3935
2015-09-17,4148975.2968
2015-09-16,13866113.7024
2015-09-15,13939823.8655
2015-09-14,4512413.7
2015-09-13,12673625.1038
2015-09-12,12692491.306
2015-09-11,4940577.6992
2015-09-10,15217779.746
2015-09-09,16863801.2855
2015-09-08,5566863.6671
2015-09-07,13634833.3094
2015-09-06,17614944.5676
2015-09-05,4818819.123
2015-09-04,14833269.0336
2015-09-03,14833269.0336
2015-09-02,5452898.7789
2015-09-01,14592340.4792
2015-08-31,12988337.1345
2015-08-30,3557779.2939
2015-08-29,10728935.6024
2015-08-28,21397486.8243
2015-08-27,5409804.072
2015-08-26,22356486.1128
2015-08-25,44792175.946
2015-08-24,2915321.211
2015-08-23,13017080.0717
2015-08-22,17528714.371
2015-08-21,3720105.2078
2015-08-20,22690278.7458
2015-08-19,60726602.768
2015-08-18,2217899.1574
2015-08-17,13641622.23
2015-08-16,19040492.3336
2015-08-15,2128338.8434
2015-08-14,1279542.14661
2015-08-13,2537895.24648
2015-08-12,2274318.8812
2015-08-11,2902827.01076
2015-08-10,1851465.45608
2015-08-09,2691512.6126
2015-08-08,2590061.86639
2015-08-07,2251104.13602
2015-08-06,1841426.72
2015-08-05,1891671.65385
2015-08-04,1847303.66227
2015-08-03,1281691.8532
2015-08-02,1780252.12684
2015-08-01,1231691.55728
2015-07-31,2343295.6875
2015-07-30,2293641.88344
2015-07-29,2745976.51328
2015-07-28,4311794.3778
2015-07-27,3886676.36882
2015-07-26,2693970.016
2015-07-25,4577494.12
2015-07-24,2821464.94316
2015-07-23,3887226.08315
2015-07-22,2488902.68
2015-07-21,2490978.0238
2015-07-20,2083742.55123
2015-07-19,2590637.8598
2015-07-18,1334571.80963
2015-07-17,2954144.36787
2015-07-16,2815364.979
2015-07-15,6262766.45236
2015-07-14,2047775.77478
2015-07-13,6985899.8875
2015-07-12,8667679.21323
2015-07-11,6677463.4551
2015-07-10,3742801.44
2015-07-09,7216507.33055
2015-07-08,3839394.28406
2015-07-07,5377393.809
2015-07-06,4037671.08321
2015-07-05,6496801.86671
2015-07-04,2343369.94
2015-07-03,1875664.25846
2015-07-02,2179138.46338
2015-07-01,5228101.5927
2015-06-30,3870044.77822
2015-06-29,5102700.85193
2015-06-28,1783480.4676
2015-06-27,1776223.69927
2015-06-26,1655413.08416
2015-06-25,1610305.604
2015-06-24,1256182.32866
2015-06-23,1660686.68979
2015-06-22,473743.718
2015-06-21,1174145.20952
2015-06-20,488875.566987
2015-06-19,2774658.0292
2015-06-18,1502419.59492
2015-06-17,3052713.67435
2015-06-16,2474934.36
2015-06-15,4056676.69195
2015-06-14,2207160.22381
2015-06-13,1351595.504
2015-06-12,802279.944095
2015-06-11,1164648.42708
2015-06-10,2077600.98
2015-06-09,1320103.41759
2015-06-08,2215932.11102
2015-06-07,623127.8042
2015-06-06,781109.490895
2015-06-05,803238.477854
2015-06-04,1299861.514
2015-06-03,1129310.37472
2015-06-02,1172704.72219
2015-06-01,996462.0596
2015-05-31,2404867.59715
2015-05-30,862849.440218
2015-05-29,1183233.2428
2015-05-28,1599476.10412
2015-05-27,1329201.29597
2015-05-26,1324211.3397
2015-05-25,1966702.79067
2015-05-24,1090396.64385
2015-05-23,2491546.068
2015-05-22,1284918.23032
2015-05-21,2072782.03936
2015-05-20,1288756.846
2015-05-19,1878977.71632
2015-05-18,1645994.51369
2015-05-17,795921.5691
2015-05-16,735036.923305
2015-05-15,795922.661405
2015-05-14,2179359.9275
2015-05-13,2207220.56359
2015-05-12,1396294.36373
2015-05-11,841557.2094
2015-05-10,1904904.06317
2015-05-09,812668.808367
2015-05-08,2614622.5952
2015-05-07,2975459.38757
2015-05-06,2515896.02661
2015-05-05,1783949.29
2015-05-04,2093073.88106
2015-05-03,1535336.53776
2015-05-02,1547771.5446
2015-05-01,1266259.34956
2015-04-30,2008394.0045
2015-04-29,2108340.416
2015-04-28,1833578.5136
2015-04-27,2701221.05147
2015-04-26,1204729.4907
2015-04-25,2205193.13275
2015-04-24,1441666.34578
2015-04-23,2567616.6082
2015-04-22,2574137.14255
2015-04-21,3082931.51057
2015-04-20,1313111.8331
2015-04-19,1314495.73344
2015-04-18,1282638.2878
2015-04-17,2467237.5
2015-04-16,2048217.22006
2015-04-15,2376336.69346
2015-04-14,3104225.6067
2015-04-13,4257460.58428
2015-04-12,2112299.33052
2015-04-11,2724945.68
2015-04-10,1140185.63099
2015-04-09,2675116.12878
2015-04-08,1525083.357
2015-04-07,2669120.52901
2015-04-06,1531937.93459
2015-04-05,690291.8774
2015-04-04,1211778.66049
2015-04-03,815494.561008
2015-04-02,1535267.8948
2015-04-01,2073907.99848
2015-03-31,1486479.40929
2015-03-30,1621283.6808
2015-03-29,2020679.42757
2015-03-28,1394413.52362
2015-03-27,2090932.5311
2015-03-26,1762548.20045
2015-03-25,1879171.37886
2015-03-24,2315865.8741
2015-03-23,4563612.29464
2015-03-22,2600779.00588
2015-03-21,1489959.87
2015-03-20,1199329.84025
2015-03-19,2211571.49314
2015-03-18,1833379.7216
2015-03-17,3990297.82661
2015-03-16,1638629.86702
2015-03-15,1555762.956
2015-03-14,696621.676054
2015-03-13,1667974.39353
2015-03-12,1989294.824
2015-03-11,2264480.10284
2015-03-10,2017351.32252
2015-03-09,1221588.5
2015-03-08,2624649.30032
2015-03-07,1598282.26372
2015-03-06,3126380.2963
2015-03-05,2790042.68953
2015-03-04,3247071.61518
2015-03-03,4966115.1855
2015-03-02,6322638.0752
2015-03-01,4190275.83929
2015-02-28,5551101.6827
2015-02-27,1809685.33129
2015-02-26,5142151.57568
2015-02-25,1237085.0514
2015-02-24,1091100.6777
2015-02-23,1422548.45874
2015-02-22,731873.9725
2015-02-21,1342658.74001
2015-02-20,948087.452809
2015-02-19,3049793.3312
2015-02-18,1863197.01722
2015-02-17,3259977.94613
2015-02-16,6828681.7746
2015-02-15,4051377.60587
2015-02-14,7200685.85011
2015-02-13,1545266.8689
2015-02-12,4783505.35051
2015-02-11,1667205.47753
2015-02-10,4280748.3102
2015-02-09,2058429.79781
2015-02-08,3550609.45892
2015-02-07,2428824.9384
2015-02-06,1614452.68542
2015-02-05,2428434.54273
2015-02-04,3988923.9926
2015-02-03,4041719.03888
2015-02-02,4094181.67555
2015-02-01,4165894.705
2015-01-31,4223952.11758
2015-01-30,3253319.91742
2015-01-29,6634468.27
2015-01-28,7780990.20221
2015-01-27,3953455.43359
2015-01-26,7333970.8024
2015-01-25,15302136.4088
2015-01-24,6624843.33167
2015-01-23,5933243.9145
2015-01-22,3662928.21224
2015-01-21,7856570.19498
2015-01-20,2815608.2662
2015-01-19,3255763.95522
2015-01-18,2677624.61068
2015-01-17,7250849.5904
2015-01-16,4567169.46396
2015-01-15,10063648.1721
2015-01-14,13066868.94
2015-01-13,20003943.7875
2015-01-12,10679959.7884
2015-01-11,8115245.5722
2015-01-10,2847004.61346
2015-01-09,10206899.6655
2015-01-08,9296662.221
2015-01-07,10769340.8267
2015-01-06,10769340.8267
2015-01-05,11109155.7345
2015-01-04,10769340.8267
2015-01-03,11849100.4031
2015-01-02,991953.7176
2015-01-01,1016669.63239
2014-12-31,1546927.09344
2014-12-30,2170830.914
2014-12-29,2454059.74892
2014-12-28,1612460.87217
2014-12-27,2110273.1442
2014-12-26,2924530.55196
2014-12-25,1370436.1764
2014-12-24,2588032.082
2014-12-23,2076350.07563
2014-12-22,2639069.77984
2014-12-21,3771988.1472
2014-12-20,2065043.55872
2014-12-19,4201699.02725
2014-12-18,7564472.136
2014-12-17,7102865.20575
2014-12-16,7045461.436
2014-12-15,2328483.684
2014-12-14,2792637.41903
2014-12-13,1445863.6775
2014-12-12,5776249.1516
2014-12-11,2743962.42529
2014-12-10,5803133.70167
2014-12-09,3770700.1911
2014-12-08,7768458.04875
2014-12-07,3089535.8233
2014-12-06,3282769.52
2014-12-05,1743444.3763
2014-12-04,2895748.42745
2014-12-03,2491715.5902
2014-12-02,3147124.92429
2014-12-01,2688428.19111
2014-11-30,2726903.5888
2014-11-29,1378610.32536
2014-11-28,3675373.63947
2014-11-27,4775090.1146
2014-11-26,3447448.61422
2014-11-25,4289865.23807
2014-11-24,2920028.4256
2014-11-23,6048700.44245
2014-11-22,1909531.38511
2014-11-21,5841267.1374
2014-11-20,5580672.78977
2014-11-19,5695435.05769
2014-11-18,9453830.2361
2014-11-17,6157877.81472
2014-11-16,8319084.81748
2014-11-15,8710699.4741
2014-11-14,5008203.5411
2014-11-13,14005578.1224
2014-11-12,2780715.3045
2014-11-11,13701896.4048
2014-11-10,3730304.51545
2014-11-09,1291511.9052
2014-11-08,3014861.33218
2014-11-07,1077208.90481
2014-11-06,5183009.8266
2014-11-05,4520802.11388
2014-11-04,4919218.31301
2014-11-03,2717870.8248
2014-11-02,3473706.22694
2014-11-01,3637782.51784
2014-10-31,4881499.194
2014-10-30,4354922.07295
2014-10-29,3671261.96546
2014-10-28,3328191.757
2014-10-27,2622826.72902
2014-10-26,2725857.57438
2014-10-25,5618226.6008
2014-10-24,3913031.76149
2014-10-23,6960388.60476
2014-10-22,3068666.7402
2014-10-21,3342809.09884
2014-10-20,3184745.49403
2014-10-19,2762915.48
2014-10-18,1463419.63554
2014-10-17,3032030.32944
2014-10-16,7556518.9912
2014-10-15,6974276.30531
2014-10-14,8751642.32427
2014-10-13,5406042.432
2014-10-12,8081594.46526
2014-10-11,3761063.58338
2014-10-10,17386292.1297
2014-10-09,11248182.1326
2014-10-08,15131487.586
2014-10-07,22795539.5213
2014-10-06,8268087.29187
2014-10-05,28089071.5319
2014-10-04,7318369.379
2014-10-03,9352563.97651
2014-10-02,5568420.73926
2014-10-01,5593043.0136
2014-09-30,7052814.38239
2014-09-29,5461742.9261
2014-09-28,2177480.976
2014-09-27,3971546.27508
2014-09-26,2409099.75791
2014-09-25,6001795.8016
2014-09-24,6189931.28865
2014-09-23,12703948.8531
2014-09-22,5718501.5605
2014-09-21,4898291.21151
2014-09-20,5180652.93045
2014-09-19,9378125.2984
2014-09-18,13959017.8116
2014-09-17,6474529.07013
2014-09-16,2918242.0064
2014-09-15,2796018.21974
2014-09-14,2524429.50586
2014-09-13,2895656.62
2014-09-12,2844690.84922
2014-09-11,3468571.79262
2014-09-10,4312800.7205
2014-09-09,6346407.79646
2014-09-08,3335590.91601
2014-09-07,1332257.8569
2014-09-06,1387220.61562
2014-09-05,1606067.5125
2014-09-04,2251445.56
2014-09-03,5008741.25569
2014-09-02,2489654.96886
2014-09-01,5403358.3772
2014-08-31,4469424.45419
2014-08-30,4680272.99326
2014-08-29,3601875.5136
2014-08-28,3752062.19862
2014-08-27,4062969.75669
2014-08-26,2881655.525
2014-08-25,3517602.57052
2014-08-24,2916764.29378
2014-08-23,7882218.512
2014-08-22,4840024.88406
2014-08-21,8286029.15529
2014-08-20,8730383.9
2014-08-19,8069204.96225
2014-08-18,8989449.07859
2014-08-17,6616986.8324
2014-08-16,6020978.09221
2014-08-15,6187407.02583
2014-08-14,14029610.3138
2014-08-13,12855082.6947
2014-08-12,13355520.1831
2014-08-11,1891342.721
2014-08-10,2371659.34951
2014-08-09,1745276.30999
2014-08-08,2590252.1026
2014-08-07,2961285.4482
2014-08-06,3166937.84489
2014-08-05,3102683.815
2014-08-04,4052712.00992
2014-08-03,2323087.95911
2014-08-02,7133219.1656
2014-08-01,2711525.26632
2014-07-31,7216949.14115
2014-07-30,2393816.75
2014-07-29,4145810.97858
2014-07-28,2815216.59368
2014-07-27,2146515.226
2014-07-26,2257131.11307
2014-07-25,2386789.84206
2014-07-24,2498800.4379
2014-07-23,6237962.00411
2014-07-22,1821393.43707
2014-07-21,918987.63
2014-07-20,2279965.49295
2014-07-19,1011690.67083
2014-07-18,3076388.994
2014-07-17,2412825.5353
2014-07-16,4091992.92579
2014-07-15,2372823.4128
2014-07-14,2130092.22307
2014-07-13,2119002.35713
2014-07-12,3827432.64
2014-07-11,3241515.39792
2014-07-10,3164691.20355
2014-07-09,1672213.4799
2014-07-08,1504875.44234
2014-07-07,1898911.71562
2014-07-06,1153436.45
2014-07-05,2033092.69148
2014-07-04,1483175.51813
2014-07-03,3432108.8331
2014-07-02,2873518.20482
2014-07-01,4473747.88999
2014-06-30,1005979.2334
2014-06-29,7341093.03142
2014-06-28,986521.497695
2014-06-27,2689215.0796
2014-06-26,4008598.56359
2014-06-25,3089629.11109
2014-06-24,3115477.885
2014-06-23,2312887.33764
2014-06-22,2906661.94415
2014-06-21,4253524.5732
2014-06-20,2181393.92394
2014-06-19,4531653.29796
2014-06-18,3965892.8
2014-06-17,5370642.47576
2014-06-16,3078078.83339
2014-06-15,9358300.2648
2014-06-14,3812291.51055
2014-06-13,8696987.11546
2014-06-12,6450427.8646
2014-06-11,5290172.33935
2014-06-10,4917376.85601
2014-06-09,1707138.9245
2014-06-08,3773083.5432
2014-06-07,1650470.75985
2014-06-06,7112332.182
2014-06-05,3423735.08983
2014-06-04,7171685.02365
2014-06-03,13311959.4
2014-06-02,15062190.4919
2014-06-01,13128228.4851
2014-05-31,13980467.748
2014-05-30,8690735.14155
2014-05-29,10417485.6296
2014-05-28,11364807.702
2014-05-27,5211005.77788
2014-05-26,11110797.8591
2014-05-25,2968812.7461
2014-05-24,11020114.3446
2014-05-23,4227327.36092
2014-05-22,3521976.4618
2014-05-21,8273162.57552
2014-05-20,5867533.83487
2014-05-19,1116943.4593
2014-05-18,1830522.70062
2014-05-17,1040708.52633
2014-05-16,2454588.8059
2014-05-15,1673318.64424
2014-05-14,2812034.16881
2014-05-13,2031951.625
2014-05-12,2631621.40245
2014-05-11,2146397.56703
2014-05-10,4082047.58
2014-05-09,1987268.04243
2014-05-08,3479164.12754
2014-05-07,3441714.012
2014-05-06,4859661.74835
2014-05-05,3589800.16927
2014-05-04,3269631.2
2014-05-03,2183121.32116
2014-05-02,3330775.1949
2014-05-01,4861252.6681
2014-04-30,4875835.14374
2014-04-29,6613111.09721
2014-04-28,3607646.856
2014-04-27,7435225.80719
2014-04-26,3004849.99037
2014-04-25,3993448.305
2014-04-24,14864619.0544
2014-04-23,2950180.15545
2014-04-22,4176593.8492
2014-04-21,3319630.72023
2014-04-20,4077741.38323
2014-04-19,5372537.418
2014-04-18,4766233.24969
2014-04-17,5910268.09861
2014-04-16,17021803.81
2014-04-15,17293604.9893
2014-04-14,14255961.1123
2014-04-13,4624978.554
2014-04-12,3924022.19855
2014-04-11,5630343.87206
2014-04-10,3539452.7244
2014-04-09,14696324.8165
2014-04-08,3635252.10153
2014-04-07,2459524.12
2014-04-06,3185471.98925
2014-04-05,2858575.74569
2014-04-04,12067476.3192
2014-04-03,7827738.07648
2014-04-02,13651170.1497
2014-04-01,9510860.2578
2014-03-31,11933723.0391
2014-03-30,9899400.51464
2014-03-29,17766055.776
2014-03-28,6383424.66542
2014-03-27,21660004.8214
2014-03-26,4709236.1048
2014-03-25,6384680.23308
2014-03-24,7230990.78936
2014-03-23,7669603.725
2014-03-22,3768574.27643
2014-03-21,7773411.46318
2014-03-20,4331268.8
2014-03-19,6173088.60368
2014-03-18,4424994.8337
2014-03-17,2090545.8275
2014-03-16,4399818.74931
2014-03-15,2073449.09781
2014-03-14,4313170.3971
2014-03-13,5350789.63545
2014-03-12,4786086.21641
2014-03-11,8456225.3971
2014-03-10,5391617.99061
2014-03-09,6763274.88417
2014-03-08,13570695.9904
2014-03-07,7378972.86238
2014-03-06,11533475.2123
2014-03-05,18874058.24
2014-03-04,10069481.6693
2014-03-03,27726273.4628
2014-03-02,8103483.8796
2014-03-01,2667620.87528
2014-02-28,12629466.5456
2014-02-27,28862469.4185
2014-02-26,14560568.0035
2014-02-25,29824414.5598
2014-02-24,12599747.1215
2014-02-23,25554791.2104
2014-02-22,11013569.0711
2014-02-21,19683088.04
2014-02-20,21045093.3134
2014-02-19,17953764.6632
2014-02-18,12629318.3876
2014-02-17,10145711.0721
2014-02-16,18743382.2611
2014-02-15,46055404.7043
2014-02-14,14306450.6178
2014-02-13,51070232.986
2014-02-12,27029485.025
2014-02-11,23622517.1702
2014-02-10,17486897.8311
2014-02-09,9466292.528
2014-02-08,12373413.3157
2014-02-07,8449899.91139
2014-02-06,6591101.11
2014-02-05,15753523.0392
2014-02-04,4349131.19077
2014-02-03,3317735.1676
2014-02-02,4536817.25875
2014-02-01,3673585.2792
2014-01-31,10507896.0
2014-01-30,6958858.42833
2014-01-29,10211352.2942
2014-01-28,18826062.7857
2014-01-27,23185647.7315
2014-01-26,11258300.0426
2014-01-25,12279425.849
2014-01-24,6997182.45858
2014-01-23,11907988.6782
2014-01-22,6349164.6878
2014-01-21,6932278.28644
2014-01-20,6338548.32152
2014-01-19,4483770.096
2014-01-18,6486746.49701
2014-01-17,8248056.82498
2014-01-16,10334044.1127
2014-01-15,6073510.13809
2014-01-14,10885454.7419
2014-01-13,10317975.4204
2014-01-12,13419687.1286
2014-01-11,11171979.1911
2014-01-10,20915435.5956
2014-01-09,15341573.7808
2014-01-08,13678077.9012
2014-01-07,23700401.3664
2014-01-06,19755518.7575
2014-01-05,26853239.5657
2014-01-04,11996329.8024
2014-01-03,10067025.947
2014-01-02,15945573.4398
2014-01-01,5801531.88
2013-12-31,6136683.50782
2013-12-30,5888482.5625
2013-12-29,9571647.8
2013-12-28,5709053.23116
2013-12-27,8684724.90288
2013-12-26,4517004.0048
2013-12-25,14586203.7083
2013-12-24,3671203.11505
2013-12-23,10855499.648
2013-12-22,7094014.16869
2013-12-21,11309057.6955
2013-12-20,38897908.973
2013-12-19,20692457.0756
2013-12-18,42939133.9339
2013-12-17,40515364.8
2013-12-16,49864735.0759
2013-12-15,18628897.8591
2013-12-14,13072901.4
2013-12-13,7165449.73387
2013-12-12,13658135.9123
2013-12-11,22555749.3148
2013-12-10,30884927.5888
2013-12-09,18923485.8446
2013-12-08,56810719.117
2013-12-07,19251155.3373
2013-12-06,71950734.3038
2013-12-05,16426078.997
2013-12-04,56082558.2788
2013-12-03,14221497.1382
2013-12-02,58711378.9724
2013-12-01,62569704.1613
2013-11-30,26557474.5699
2013-11-29,37478428.353
2013-11-28,25685288.7203
2013-11-27,41250395.8812
2013-11-26,18763528.0752
2013-11-25,27112782.8655
2013-11-24,10870023.1517
2013-11-23,19979749.2
2013-11-22,17943616.9462
2013-11-21,20545165.6326
2013-11-20,39187621.53
2013-11-19,29401413.7641
2013-11-18,51468001.2852
2013-11-17,7864793.2864
2013-11-16,9467000.46135
2013-11-15,13206368.4702
2013-11-14,15231842.91
2013-11-13,13310930.6322
2013-11-12,13932937.4012
2013-11-11,22181780.64
2013-11-10,11509222.6051
2013-11-09,20053910.8409
2013-11-08,14459640.0914
2013-11-07,14089013.9337
2013-11-06,13309556.2116
2013-11-05,6524796.7575
2013-11-04,8262453.12977
2013-11-03,5415906.61934
2013-11-02,1007872.67
2013-11-01,1425709.17887
2013-10-31,1585174.84615
2013-10-30,1933511.04
2013-10-29,4753775.27892
2013-10-28,2939387.24423
2013-10-27,1734472.3892
2013-10-26,1077352.42452
2013-10-25,2772752.64286
2013-10-24,4910689.602
2013-10-23,10689265.3273
2013-10-22,4871058.71447
2013-10-21,2079827.7192
2013-10-20,4684998.81486
2013-10-19,1268467.9714
2013-10-18,2455437.9144
2013-10-17,3425207.87897
2013-10-16,2913283.14301
2013-10-15,2871306.8223
2013-10-14,1768501.45934
2013-10-13,3557089.21856
2013-10-12,999339.0609
2013-10-11,876363.146946
2013-10-10,992198.89365
2013-10-09,1648226.716
2013-10-08,2490305.30906
2013-10-07,1596909.12498
2013-10-06,356647.968
2013-10-05,459914.165312
2013-10-04,489851.782103
2013-10-03,6292503.0855
2013-10-02,6188639.16594
2013-10-01,3104396.21312
2013-09-30,856731.9839
2013-09-29,1537778.5039
2013-09-28,658253.627127
2013-09-27,976549.2345
2013-09-26,1434695.69236
2013-09-25,958266.789783
2013-09-24,942716.1095
2013-09-23,827226.364047
2013-09-22,915463.099011
2013-09-21,1291997.5152
2013-09-20,636144.729908
2013-09-19,1354933.8525
2013-09-18,1146911.8705
2013-09-17,1290734.81278
2013-09-16,972721.506979
2013-09-15,1084304.9235
2013-09-14,842965.754458
2013-09-13,1014870.3305
2013-09-12,2334960.369
2013-09-11,2101228.44006
2013-09-10,1793640.21043
2013-09-09,644605.7192
2013-09-08,2081076.57097
2013-09-07,630089.545296
2013-09-06,2359078.6831
2013-09-05,1671586.6833
2013-09-04,3558189.52271
2013-09-03,1165618.1081
2013-09-02,1577335.62095
2013-09-01,1084020.80584
2013-08-31,2168732.964
2013-08-30,2420599.19249
2013-08-29,1673618.20412
2013-08-28,2186360.586
2013-08-27,1313735.33897
2013-08-26,2393060.75745
2013-08-25,471837.888
2013-08-24,927782.878554
2013-08-23,483357.366862
2013-08-22,2642284.0089
2013-08-21,1576756.03376
2013-08-20,2178352.13823
2013-08-19,274252.698
2013-08-18,1879331.07289
2013-08-17,494040.7063
2013-08-16,935028.0256
2013-08-15,808676.273788
2013-08-14,1071052.50588
2013-08-13,2036034.864
2013-08-12,2483614.52471
2013-08-11,820406.742112
2013-08-10,1128720.356
2013-08-09,510114.187395
2013-08-08,1338741.04314
2013-08-07,1302961.3344
2013-08-06,931663.625241
2013-08-05,1133582.42176
2013-08-04,875589.454
2013-08-03,542437.000041
2013-08-02,847828.085755
2013-08-01,4759776.738
2013-07-31,1611370.63666
2013-07-30,5807821.22601
2013-07-29,4147378.935
2013-07-28,3138902.23092
2013-07-27,3179627.37552
2013-07-26,2101653.41
2013-07-25,1117117.72227
2013-07-24,2223482.50136
2013-07-23,758948.7766
2013-07-22,2348345.51174
2013-07-21,693136.370917
2013-07-20,2468011.32
2013-07-19,1310049.7982
2013-07-18,2080220.95898
2013-07-17,1531533.4335
2013-07-16,1550144.17905
2013-07-15,1786082.59685
2013-07-14,3355722.86
2013-07-13,1661401.50583
2013-07-12,3785155.40561
2013-07-11,5225816.736
2013-07-10,6439647.31053
2013-07-09,1867056.47291
2013-07-08,3120555.75
2013-07-07,5452234.26753
2013-07-06,2220238.98174
2013-07-05,5115546.0948
2013-07-04,3952252.56831
2013-07-03,7595580.48181
2013-07-02,4571517.66
2013-07-01,3523000.56366
2013-06-30,3447066.13603
2013-06-29,4492672.9905
2013-06-28,3298354.37503
2013-06-27,3870268.17574
2013-06-26,9714068.226
2013-06-25,1912907.61399
2013-06-24,9346237.41777
2013-06-23,779442.8125
2013-06-22,1154882.48106
2013-06-21,938452.83586
2013-06-20,1876004.1904
2013-06-19,4122616.9296
2013-06-18,2853373.54561
2013-06-17,860747.391
2013-06-16,1345147.55816
2013-06-15,1265613.59536
2013-06-14,3144556.358
2013-06-13,5432334.34644
2013-06-12,1087043.74903
2013-06-11,6803929.872
2013-06-10,1603831.4172
2013-06-09,8842004.389
2013-06-08,7339966.95
2013-06-07,2521636.93457
2013-06-06,7662141.61041
2013-06-05,2722441.5998
2013-06-04,1779222.8639
2013-06-03,2955801.57582
2013-06-02,818734.065
2013-06-01,11628005.8376
2013-05-31,1577293.26163
2013-05-30,2538895.212
2013-05-29,2792371.23183
2013-05-28,1618565.51387
2013-05-27,3113915.535
2013-05-26,2246642.66472
2013-05-25,3067074.3832
2013-05-24,2797850.216
2013-05-23,4850475.80115
2013-05-22,2969063.3073
2013-05-21,2103682.1494
2013-05-20,1779133.8849
2013-05-19,1983151.42975
2013-05-18,10297629.4224
2013-05-17,4669566.86334
2013-05-16,9881054.59942
2013-05-15,9642025.12
2013-05-14,19896442.9489
2013-05-13,3016444.63201
2013-05-12,3248609.0496
2013-05-11,2987755.49073
2013-05-10,3080022.31514
2013-05-09,7109505.8285
2013-05-08,6429884.36065
2013-05-07,9983220.03191
2013-05-06,9750629.967
2013-05-05,12440874.3704
2013-05-04,10847146.7046
2013-05-03,24112587.636
2013-05-02,24562503.6727
2013-05-01,30499232.3592
2013-04-30,10137883.833
2013-04-29,7055592.91411
2013-04-28,9777728.43625
2013-04-27,17667770.71
2013-04-26,6037557.54177
2013-04-25,32935614.4881
2013-04-24,16598713.5
2013-04-23,33655839.3436
2013-04-22,12551729.743
2013-04-21,9465886.875
2013-04-20,12799768.4921
2013-04-19,6680545.51208
2013-04-18,30731043.624
2013-04-17,14647188.4457
2013-04-16,27350449.773
2013-04-15,28526787.0
2013-04-14,25602974.7685
2013-04-13,25602974.7685
2013-04-12,15108183.776
2013-04-11,31760658.9344
2013-04-10,29346237.8449
2013-04-09,21337456.8816
2013-04-08,25430811.2754
2013-04-07,18309092.0797
2013-04-06,9742177.06
2013-04-05,4643979.47591
2013-04-04,9283812.07017
2013-04-03,9529646.0664
2013-04-02,17880111.1248
2013-04-01,8000595.47089
2013-03-31,3449440.625
2013-03-30,1725894.6495
2013-03-29,4521524.95383
2013-03-28,6407562.912
2013-03-27,5920328.80281
2013-03-26,6389386.81038
2013-03-25,3051700.0221
2013-03-24,5786993.34377
2013-03-23,3429027.0366
2013-03-22,6772093.6775
2013-03-21,4745058.65584
2013-03-20,7188542.11769
2013-03-19,3375507.498
2013-03-18,8356380.37053
2013-03-17,902913.046981
2013-03-16,954491.447
2013-03-15,933449.069241
2013-03-14,862012.776554
2013-03-13,8158211.5344
2013-03-12,2811125.16038
2013-03-11,7709790.44815
2013-03-10,2105337.5239
2013-03-09,1373787.19226
2013-03-08,2242168.31805
2013-03-07,5310771.9
2013-03-06,7412289.28992
2013-03-05,5075535.41732
2013-03-04,429441.2275
2013-03-03,1487782.64641
2013-03-02,387798.656125
2013-03-01,4230277.5168
2013-02-28,2266380.42287
2013-02-27,3268705.11969
2013-02-26,813827.456
2013-02-25,1311639.59169
2013-02-24,867820.909672
2013-02-23,2043434.2488
2013-02-22,2413130.02195
2013-02-21,1711160.76818
2013-02-20,2938056.6908
2013-02-19,1461527.9526
2013-02-18,2571787.89393
2013-02-17,517118.5437
2013-02-16,1537991.91539
2013-02-15,764706.205193
2013-02-14,2173200.759
2013-02-13,3899267.07286
2013-02-12,2220697.25163
2013-02-11,1348915.8249
2013-02-10,751784.868632
2013-02-09,1258169.45211
2013-02-08,1206092.751
2013-02-07,1206092.74153
2013-02-06,1206092.74153
2013-02-05,0.0
2013-02-04,775701.455689
2013-02-03,933639.857834
2013-02-02,0.0
2013-02-01,1940971.18847
2013-01-31,1100175.27516
2013-01-30,0.0
2013-01-29,985244.232915
2013-01-28,1886961.87577
2013-01-27,0.0
2013-01-26,586354.508299
2013-01-25,620998.956208
2013-01-24,0.0
2013-01-23,1933937.43764
2013-01-22,930942.435008
2013-01-21,0.0
2013-01-20,937247.655082
2013-01-19,436124.63056
2013-01-18,0.0
2013-01-17,1083797.5313
2013-01-16,817603.172092
2013-01-15,0.0
2013-01-14,729209.732247
2013-01-13,321845.760168
2013-01-12,0.0
2013-01-11,635707.836607
2013-01-10,525216.270545
2013-01-09,0.0
2013-01-08,413792.028281
2013-01-07,642299.332015
2013-01-06,0.0
2013-01-05,221086.872899
2013-01-04,330088.300961
2013-01-03,0.0
2013-01-02,289720.324444
2013-01-01,185387.359079
2012-12-31,0.0
2012-12-30,245873.589133
2012-12-29,91013.4353746
2012-12-28,0.0
2012-12-27,295265.031557
2012-12-26,261103.300518
2012-12-25,0.0
2012-12-24,205264.915534
2012-12-23,217806.809791
2012-12-22,0.0
2012-12-21,255538.450503
2012-12-20,392136.452155
2012-12-19,0.0
2012-12-18,358371.292039
2012-12-17,382479.855314
2012-12-16,0.0
2012-12-15,271442.248372
2012-12-14,623933.435799
2012-12-13,481296.666
2012-12-12,481292.800872
2012-12-11,371502.935643
2012-12-10,0.0
2012-12-09,332645.708986
2012-12-08,365629.40444
2012-12-07,0.0
2012-12-06,641634.975539
2012-12-05,421549.667703
2012-12-04,0.0
2012-12-03,453902.331796
2012-12-02,318586.58009
2012-12-01,0.0
2012-11-30,209191.991172
2012-11-29,331048.971461
2012-11-28,0.0
2012-11-27,389726.803117
2012-11-26,560148.264965
2012-11-25,0.0
2012-11-24,311167.173914
2012-11-23,273890.923938
2012-11-22,0.0
2012-11-21,632633.311348
2012-11-20,238923.452636
2012-11-19,0.0
2012-11-18,251963.013766
2012-11-17,185891.6868
2012-11-16,0.0
2012-11-15,800300.483125
2012-11-14,309778.412311
2012-11-13,0.0
2012-11-12,183274.895345
2012-11-11,446622.788449
2012-11-10,0.0
2012-11-09,155136.110301
2012-11-08,201205.421012
2012-11-07,0.0
2012-11-06,371817.893804
2012-11-05,255683.318325
2012-11-04,0.0
2012-11-03,124956.25925
2012-11-02,173907.599918
2012-11-01,0.0
2012-10-31,362027.444785
2012-10-30,388650.382908
2012-10-29,0.0
2012-10-28,475257.612809
2012-10-27,171520.107488
2012-10-26,0.0
2012-10-25,1097740.37495
2012-10-24,767514.056473
2012-10-23,0.0
2012-10-22,554136.574263
2012-10-21,363254.837564
2012-10-20,0.0
2012-10-19,279328.467555
2012-10-18,303574.501237
2012-10-17,0.0
2012-10-16,509839.909836
2012-10-15,273315.255713
2012-10-14,0.0
2012-10-13,158414.651127
2012-10-12,174942.482024
2012-10-11,0.0
2012-10-10,281366.82658
2012-10-09,335935.723571
2012-10-08,0.0
2012-10-07,1197548.75805
2012-10-06,801645.479648
2012-10-05,0.0
2012-10-04,518737.52783
2012-10-03,420087.957022
2012-10-02,0.0
2012-10-01,600613.753164
2012-09-30,235193.565784
2012-09-29,0.0
2012-09-28,258006.809953
2012-09-27,323116.947437
2012-09-26,0.0
2012-09-25,270621.574509
2012-09-24,311960.865388
2012-09-23,0.0
2012-09-22,446867.44084
2012-09-21,215428.568342
2012-09-20,0.0
2012-09-19,382997.57666
2012-09-18,583585.795057
2012-09-17,0.0
2012-09-16,268742.536562
2012-09-15,377179.016987
2012-09-14,0.0
2012-09-13,472220.133219
2012-09-12,332370.471486
2012-09-11,0.0
2012-09-10,419908.004156
2012-09-09,407288.704718
2012-09-08,0.0
2012-09-07,339342.782875
2012-09-06,526861.52831
2012-09-05,0.0
2012-09-04,282718.707795
2012-09-03,356674.559583
2012-09-02,0.0
2012-09-01,199716.417663
2012-08-31,601947.78151
2012-08-30,0.0
2012-08-29,423186.059598
2012-08-28,689356.925143
2012-08-27,0.0
2012-08-26,1638081.55274
2012-08-25,339698.647247
2012-08-24,0.0
2012-08-23,471155.051966
2012-08-22,641114.69518
2012-08-21,0.0
2012-08-20,730786.46907
2012-08-19,2746175.55591
2012-08-18,0.0
2012-08-17,3208627.49691
2012-08-16,1444851.12853
2012-08-15,0.0
2012-08-14,661329.759446
2012-08-13,743549.812671
2012-08-12,0.0
2012-08-11,289226.208641
2012-08-10,367448.180524
2012-08-09,0.0
2012-08-08,915898.372534
2012-08-07,461723.277451
2012-08-06,0.0
2012-08-05,709410.202492
2012-08-04,575889.60323
2012-08-03,0.0
2012-08-02,1553677.20546
2012-08-01,528962.919603
2012-07-31,0.0
2012-07-30,695638.695739
2012-07-29,405296.121057
2012-07-28,0.0
2012-07-27,194334.796007
2012-07-26,237103.603393
2012-07-25,0.0
2012-07-24,350256.933479
2012-07-23,398218.93949
2012-07-22,0.0
2012-07-21,300378.076041
2012-07-20,1350688.65446
2012-07-19,0.0
2012-07-18,433033.304433
2012-07-17,1061472.88351
2012-07-16,0.0
2012-07-15,608643.124166
2012-07-14,145251.824347
2012-07-13,0.0
2012-07-12,748966.056105
2012-07-11,251974.99431
2012-07-10,0.0
2012-07-09,588869.641088
2012-07-08,227316.582666
2012-07-07,0.0
2012-07-06,198336.565287
2012-07-05,242774.801427
2012-07-04,0.0
2012-07-03,250947.418686
2012-07-02,477182.244209
2012-07-01,0.0
2012-06-30,156167.13193
2012-06-29,155703.311121
2012-06-28,0.0
2012-06-27,333193.569777
2012-06-26,228544.039315
2012-06-25,0.0
2012-06-24,359578.59323
2012-06-23,210829.486988
2012-06-22,0.0
2012-06-21,399950.888882
2012-06-20,406421.8574
2012-06-19,0.0
2012-06-18,307427.032909
2012-06-17,419938.025059
2012-06-16,0.0
2012-06-15,649100.09516
2012-06-14,312361.653408
2012-06-13,0.0
2012-06-12,354203.393366
2012-06-11,432563.429841
2012-06-10,0.0
2012-06-09,195814.146323
2012-06-08,164232.196464
2012-06-07,0.0
2012-06-06,290691.925157
2012-06-05,152083.653544
2012-06-04,0.0
2012-06-03,206747.034061
2012-06-02,65399.8309422
2012-06-01,0.0
2012-05-31,248544.550774
2012-05-30,199788.736937
2012-05-29,0.0
2012-05-28,314474.678927
2012-05-27,121688.880643
2012-05-26,0.0
2012-05-25,108596.391819
2012-05-24,103589.31678
2012-05-23,0.0
2012-05-22,311516.23766
2012-05-21,222442.350259
2012-05-20,0.0
2012-05-19,91465.9003368
2012-05-18,148239.480876
2012-05-17,0.0
2012-05-16,249436.723394
2012-05-15,282259.95375
2012-05-14,0.0
2012-05-13,216470.671448
2012-05-12,93828.2345516
2012-05-11,0.0
2012-05-10,419431.883591
2012-05-09,197645.357425
2012-05-08,0.0
2012-05-07,354303.677863
2012-05-06,211685.067183
2012-05-05,0.0
2012-05-04,164735.277546
2012-05-03,170522.155599
2012-05-02,0.0
2012-05-01,510833.583157
2012-04-30,190453.785172
2012-04-29,0.0
2012-04-28,110804.128092
2012-04-27,479852.201416
2012-04-26,0.0
2012-04-25,312026.861147
2012-04-24,200035.852952
2012-04-23,0.0
2012-04-22,175572.355384
2012-04-21,177455.107444
2012-04-20,0.0
2012-04-19,251079.271135
2012-04-18,208230.251141
2012-04-17,0.0
2012-04-16,162666.85324
2012-04-15,143852.478345
2012-04-14,0.0
2012-04-13,453609.726954
2012-04-12,393935.342303
2012-04-11,0.0
2012-04-10,211884.238374
2012-04-09,279791.163535
2012-04-08,0.0
2012-04-07,268961.962356
2012-04-06,410663.8892
2012-04-05,0.0
2012-04-04,181999.040944
2012-04-03,305609.316704
2012-04-02,0.0
2012-04-01,363920.435727
2012-03-31,174322.463399
2012-03-30,0.0
2012-03-29,163903.618157
2012-03-28,186601.091402
2012-03-27,0.0
2012-03-26,282240.280127
2012-03-25,330843.537977
2012-03-24,0.0
2012-03-23,214667.030354
2012-03-22,335345.642284
2012-03-21,0.0
2012-03-20,246229.48822
2012-03-19,763389.52049
2012-03-18,0.0
2012-03-17,212994.983972
2012-03-16,149637.957297
2012-03-15,0.0
2012-03-14,260320.838894
2012-03-13,373636.887535
2012-03-12,0.0
2012-03-11,111077.907704
2012-03-10,202433.022814
2012-03-09,0.0
2012-03-08,202271.818468
2012-03-07,253573.622211
2012-03-06,0.0
2012-03-05,208535.282091
2012-03-04,387615.242624
2012-03-03,0.0
2012-03-02,197621.937436
2012-03-01,673421.518843
2012-02-29,0.0
2012-02-28,209114.020032
2012-02-27,269874.599328
2012-02-26,0.0
2012-02-25,390657.302719
2012-02-24,338506.455315
2012-02-23,0.0
2012-02-22,681747.658978
2012-02-21,382274.63639
2012-02-20,0.0
2012-02-19,279579.973522
2012-02-18,157343.745691
2012-02-17,0.0
2012-02-16,689769.489315
2012-02-15,1022854.93167
2012-02-14,0.0
2012-02-13,1595943.96728
2012-02-12,1150509.00459
2012-02-11,0.0
2012-02-10,166725.347325
2012-02-09,501592.274771
2012-02-08,0.0
2012-02-07,1410604.19028
2012-02-06,499825.872085
2012-02-05,0.0
2012-02-04,703127.204421
2012-02-03,151418.289155
2012-02-02,0.0
2012-02-01,858000.309899
2012-01-31,281803.063454
2012-01-30,0.0
2012-01-29,281662.550121
2012-01-28,299939.361315
2012-01-27,0.0
2012-01-26,825301.832351
2012-01-25,996019.80095
2012-01-24,0.0
2012-01-23,211725.841247
2012-01-22,259120.972559
2012-01-21,0.0
2012-01-20,446998.407757
2012-01-19,601985.154708
2012-01-18,0.0
2012-01-17,2327006.60673
2012-01-16,929941.520538
2012-01-15,0.0
2012-01-14,608385.040367
2012-01-13,781797.291696
2012-01-12,0.0
2012-01-11,909030.295354
2012-01-10,841167.10546
2012-01-09,0.0
2012-01-08,935777.458691
2012-01-07,428239.435131
2012-01-06,0.0
2012-01-05,1888020.11586
2012-01-04,1054656.81813
2012-01-03,0.0
2012-01-02,557476.602318
2012-01-01,594783.344525
2011-12-31,0.0
2011-12-30,648541.697417
2011-12-29,184602.216423
2011-12-28,0.0
2011-12-27,165417.159031
2011-12-26,153015.192383
2011-12-25,0.0
2011-12-24,350822.337749
2011-12-23,72107.9587901
2011-12-22,0.0
2011-12-21,257009.433073
2011-12-20,418278.253995
2011-12-19,0.0
2011-12-18,510063.277349
2011-12-17,53711.2842767
2011-12-16,0.0
2011-12-15,182288.19456
2011-12-14,74118.0456674
2011-12-13,0.0
2011-12-12,118072.734755
2011-12-11,189891.384333
2011-12-10,0.0
2011-12-09,176107.962598
2011-12-08,135255.898761
2011-12-07,0.0
2011-12-06,197024.805601
2011-12-05,192633.827981
2011-12-04,0.0
2011-12-03,432545.74342
2011-12-02,279870.273191
2011-12-01,0.0
2011-11-30,360947.275796
2011-11-29,302525.591897
2011-11-28,0.0
2011-11-27,128670.557007
2011-11-26,64291.6382679
2011-11-25,0.0
2011-11-24,207195.986195
2011-11-23,132862.116457
2011-11-22,0.0
2011-11-21,112267.632459
2011-11-20,110200.999205
2011-11-19,0.0
2011-11-18,348626.477469
2011-11-17,99253.8001565
2011-11-16,0.0
2011-11-15,101963.934889
2011-11-14,333163.425185
2011-11-13,0.0
2011-11-12,39810.3551853
2011-11-11,149387.097607
2011-11-10,0.0
2011-11-09,88246.8501078
2011-11-08,195261.768901
2011-11-07,0.0
2011-11-06,53845.9593368
2011-11-05,68710.572652
2011-11-04,0.0
2011-11-03,149101.048911
2011-11-02,97206.2258323
2011-11-01,0.0
2011-10-31,167162.955163
2011-10-30,115362.062703
2011-10-29,0.0
2011-10-28,327611.709102
2011-10-27,223321.462988
2011-10-26,0.0
2011-10-25,117365.370642
2011-10-24,459931.283818
2011-10-23,0.0
2011-10-22,230988.732967
2011-10-21,335137.998744
2011-10-20,0.0
2011-10-19,194787.108447
2011-10-18,256867.556222
2011-10-17,0.0
2011-10-16,727239.475998
2011-10-15,113985.411955
2011-10-14,0.0
2011-10-13,58437.5630056
2011-10-12,194858.359406
2011-10-11,0.0
2011-10-10,198806.08687
2011-10-09,93576.4323054
2011-10-08,0.0
2011-10-07,425654.802721
2011-10-06,360869.565005
2011-10-05,0.0
2011-10-04,115499.199398
2011-10-03,87686.9738806
2011-10-02,0.0
2011-10-01,76098.0224391
2011-09-30,163317.751128
2011-09-29,0.0
2011-09-28,83638.1374449
2011-09-27,154405.365876
2011-09-26,0.0
2011-09-25,322391.319462
2011-09-24,48793.0964135
2011-09-23,0.0
2011-09-22,372082.414975
2011-09-21,289696.58265
2011-09-20,0.0
2011-09-19,913547.31744
2011-09-18,365598.114604
2011-09-17,0.0
2011-09-16,113053.955659
2011-09-15,442696.323381
2011-09-14,0.0
2011-09-13,242072.0653
2011-09-12,304159.027263
2011-09-11,0.0
2011-09-10,773062.626443
2011-09-09,490142.687944
2011-09-08,0.0
2011-09-07,182464.871723
2011-09-06,413541.155139
2011-09-05,0.0
2011-09-04,296955.360777
2011-09-03,109977.610582
2011-09-02,0.0
2011-09-01,127135.555469
2011-08-31,211483.553121
2011-08-30,0.0
2011-08-29,159144.952534
2011-08-28,210157.751242
2011-08-27,0.0
2011-08-26,621389.927317
2011-08-25,608901.548589
2011-08-24,0.0
2011-08-23,118411.118076
2011-08-22,217915.12734
2011-08-21,0.0
2011-08-20,130225.823076
2011-08-19,154262.619437
2011-08-18,0.0
2011-08-17,227917.611733
2011-08-16,209621.648666
2011-08-15,0.0
2011-08-14,465471.570413
2011-08-13,555156.594903
2011-08-12,0.0
2011-08-11,678838.915917
2011-08-10,408626.963717
2011-08-09,0.0
2011-08-08,1306372.61659
2011-08-07,619865.163027
2011-08-06,0.0
2011-08-05,808869.775709
2011-08-04,298068.842756
2011-08-03,0.0
2011-08-02,1260186.17661
2011-08-01,652208.510321
2011-07-31,0.0
2011-07-30,701179.911784
2011-07-29,86919.7340706
2011-07-28,0.0
2011-07-27,340784.77762
2011-07-26,202130.40256
2011-07-25,0.0
2011-07-24,663203.102644
2011-07-23,311925.416405
2011-07-22,0.0
2011-07-21,291788.142676
2011-07-20,493514.446652
2011-07-19,0.0
2011-07-18,1463548.75213
2011-07-17,622348.653147
2011-07-16,0.0
2011-07-15,407703.304713
2011-07-14,300478.643024
2011-07-13,0.0
2011-07-12,175243.210195
2011-07-11,455700.647083
2011-07-10,0.0
2011-07-09,550092.901879
2011-07-08,246364.949
2011-07-07,0.0
2011-07-06,1312709.6684
2011-07-05,2035936.09959
2011-07-04,0.0
2011-07-03,599886.634092
2011-07-02,310853.086576
2011-07-01,0.0
2011-06-30,736390.267732
2011-06-29,375638.674803
2011-06-28,0.0
2011-06-27,481289.408165
2011-06-26,875474.860824
2011-06-25,0.0
2011-06-24,99286.9846107
2011-06-23,86390.363773
2011-06-22,0.0
2011-06-21,42548.5715212
2011-06-20,71189.9200602
2011-06-19,0.0
2011-06-18,835714.02414
2011-06-17,1024462.40702
2011-06-16,0.0
2011-06-15,618741.727007
2011-06-14,600490.11234
2011-06-13,0.0
2011-06-12,1460526.193
2011-06-11,5850718.50079
2011-06-10,0.0
2011-06-09,2004325.645
2011-06-08,2910528.4635
2011-06-07,0.0
2011-06-06,515246.4069
2011-06-05,1094079.92736
2011-06-04,0.0
2011-06-03,889343.60904
2011-06-02,930152.08
2011-06-01,0.0
2011-05-31,395779.168538
2011-05-30,331557.839688
2011-05-29,0.0
2011-05-28,73005.9777024
2011-05-27,117323.899185
2011-05-26,0.0
2011-05-25,658607.94684
2011-05-24,246555.91348
2011-05-23,0.0
2011-05-22,288515.59125
2011-05-21,147282.94918
2011-05-20,0.0
2011-05-19,174854.9873
2011-05-18,179823.77568
2011-05-17,0.0
2011-05-16,285797.89164
2011-05-15,359376.634
2011-05-14,0.0
2011-05-13,321728.0758
2011-05-12,541303.54395
2011-05-11,0.0
2011-05-10,346483.630765
2011-05-09,228989.8988
2011-05-08,0.0
2011-05-07,73003.7451
2011-05-06,51864.1247
2011-05-05,0.0
2011-05-04,50318.7615
2011-05-03,68236.02436
2011-05-02,0.0
2011-05-01,85422.87474
2011-04-30,195812.79501
2011-04-29,0.0
2011-04-28,104007.1833
2011-04-27,265782.09185
2011-04-26,0.0
2011-04-25,35059.82189
2011-04-24,26232.861123
2011-04-23,0.0
2011-04-22,76280.47402
2011-04-21,56032.20504
2011-04-20,0.0
2011-04-19,27024.7054572
2011-04-18,16394.59311
2011-04-17,0.0
2011-04-16,16441.2871
2011-04-15,29328.498615
2011-04-14,0.0
2011-04-13,10783.304
2011-04-12,51759.955
2011-04-11,0.0
2011-04-10,8787.720623
2011-04-09,2297.66462047
2011-04-08,0.0
2011-04-07,16425.096533
2011-04-06,8755.8618609
2011-04-05,0.0
2011-04-04,11855.01058
2011-04-03,16756.83852
2011-04-02,0.0
2011-04-01,1753.24155148
2011-03-31,2950.92053633
2011-03-30,0.0
2011-03-29,3247.31265
2011-03-28,2924.272
2011-03-27,0.0
2011-03-26,7058.944311
2011-03-25,8677.64499
2011-03-24,0.0
2011-03-23,12734.6094
2011-03-22,11509.47175
2011-03-21,0.0
2011-03-20,3606.9289257
2011-03-19,7317.32523
2011-03-18,0.0
2011-03-17,11914.8364461
2011-03-16,9103.18376
2011-03-15,0.0
2011-03-14,2533.62351785
2011-03-13,4165.4682
2011-03-12,0.0
2011-03-11,4060.4433105
2011-03-10,8949.1184555
2011-03-09,0.0
2011-03-08,2922.43022685
2011-03-07,4025.8741824
2011-03-06,0.0
2011-03-05,17230.2927142
2011-03-04,2600.96857742
2011-03-03,0.0
2011-03-02,2784.31854
2011-03-01,2016.0587772
2011-02-28,0.0
2011-02-27,5746.40242009
2011-02-26,21026.42112
2011-02-25,0.0
2011-02-24,11143.499
2011-02-23,6298.2103107
2011-02-22,0.0
2011-02-21,4681.00351444
2011-02-20,2384.4715764
2011-02-19,0.0
2011-02-18,33133.5831
2011-02-17,8823.61761575
2011-02-16,0.0
2011-02-15,5520.7333091
2011-02-14,11014.975335
2011-02-13,0.0
2011-02-12,4282.82532
2011-02-11,10715.0728356
2011-02-10,0.0
2011-02-09,72060.0309
2011-02-08,8980.208435
2011-02-07,0.0
2011-02-06,6098.37876945
2011-02-05,4343.53712
2011-02-04,0.0
2011-02-03,28553.00976
2011-02-02,6046.44375
2011-02-01,0.0
2011-01-31,70422.8274
2011-01-30,5127.3955
2011-01-29,0.0
2011-01-28,1534.340796
2011-01-27,12566.61135
2011-01-26,0.0
2011-01-25,3600.406625
2011-01-24,2972.04455
2011-01-23,0.0
2011-01-22,1393.7251143
2011-01-21,3326.6603481
2011-01-20,0.0
2011-01-19,6592.0286775
2011-01-18,5956.8603426
2011-01-17,0.0
2011-01-16,2393.5536
2011-01-15,410.5024
2011-01-14,0.0
2011-01-13,15553.8252
2011-01-12,5852.6631
2011-01-11,0.0
2011-01-10,1335.411987
2011-01-09,3418.867984
2011-01-08,0.0
2011-01-07,1273.38830235
2011-01-06,13047.281576
2011-01-05,0.0
2011-01-04,57.813954282
2011-01-03,789.5440973
2011-01-02,0.0
2011-01-01,706.308482428
2010-12-31,985.624829124
2010-12-30,0.0
2010-12-29,363.286489041
2010-12-28,5364.534574
2010-12-27,0.0
2010-12-26,438.29675
2010-12-25,4465.50536103
2010-12-24,0.0
2010-12-23,1157.69375
2010-12-22,1402.2805
2010-12-21,0.0
2010-12-20,283.39724621
2010-12-19,2878.022125
2010-12-18,0.0
2010-12-17,79.288323
2010-12-16,3277.436205
2010-12-15,0.0
2010-12-14,2067.6301808
2010-12-13,1234.35273
2010-12-12,0.0
2010-12-11,364.608024
2010-12-10,1424.973095
2010-12-09,0.0
2010-12-08,4996.9358496
2010-12-07,2957.2271365
2010-12-06,0.0
2010-12-05,1371.816
2010-12-04,2472.8862
2010-12-03,0.0
2010-12-02,1371.195876
2010-12-01,4686.9295
2010-11-30,0.0
2010-11-29,9022.0251
2010-11-28,9227.324034
2010-11-27,0.0
2010-11-26,969.80059
2010-11-25,9325.741
2010-11-24,0.0
2010-11-23,1361.74788
2010-11-22,4704.8618
2010-11-21,0.0
2010-11-20,429.78
2010-11-19,3988.778
2010-11-18,0.0
2010-11-17,7452.684301
2010-11-16,6985.16
2010-11-15,0.0
2010-11-14,1380.6296
2010-11-13,4980.443
2010-11-12,0.0
2010-11-11,3416.612
2010-11-10,3077.28
2010-11-09,0.0
2010-11-08,24843.3784
2010-11-07,34757.8
2010-11-06,0.0
2010-11-05,8351.71
2010-11-04,6805.4832
2010-11-03,0.0
2010-11-02,13665.025
2010-11-01,3516.0675
2010-10-31,0.0
2010-10-30,9809.904
2010-10-29,3084.6006
2010-10-28,0.0
2010-10-27,5242.94593
2010-10-26,10365.07
2010-10-25,0.0
2010-10-24,3248.4
2010-10-23,2612.88
2010-10-22,0.0
2010-10-21,3208.716
2010-10-20,4883.963
2010-10-19,0.0
2010-10-18,2060.5952
2010-10-17,1003.941
2010-10-16,0.0
2010-10-15,592.633
2010-10-14,2436.406
2010-10-13,0.0
2010-10-12,3432.92
2010-10-11,2558.556
2010-10-10,0.0
2010-10-09,9321.6
2010-10-08,20848.1372
2010-10-07,0.0
2010-10-06,1900.7296
2010-10-05,1241.1231
2010-10-04,0.0
2010-10-03,1443.236
2010-10-02,423.353
2010-10-01,0.0
2010-09-30,358.540217
2010-09-29,895.79664
2010-09-28,0.0
2010-09-27,537.80096
2010-09-26,990.132902
2010-09-25,0.0
2010-09-24,129.7296
2010-09-23,197.41183
2010-09-22,0.0
2010-09-21,415.6104
2010-09-20,432.5289
2010-09-19,0.0
2010-09-18,730.655528
2010-09-17,442.9866
2010-09-16,0.0
2010-09-15,51.3151
2010-09-14,1035.825
2010-09-13,0.0
2010-09-12,92.76696
2010-09-11,494.382394
2010-09-10,0.0
2010-09-09,315.38286
2010-09-08,167.2944
2010-09-07,0.0
2010-09-06,134.3382
2010-09-05,432.0
2010-09-04,0.0
2010-09-03,96.1797
2010-09-02,521.5918
2010-09-01,0.0
2010-08-31,1019.7088
2010-08-30,333.23113
2010-08-29,0.0
2010-08-28,195.4368
2010-08-27,397.41
2010-08-26,0.0
2010-08-25,366.608987
2010-08-24,190.6555
2010-08-23,0.0
2010-08-22,264.132
2010-08-21,1295.1984
2010-08-20,0.0
2010-08-19,227.1802
2010-08-18,194.4288
2010-08-17,0.0
2010-08-16,825.9829
2010-08-15,0.0
2010-08-14,0.0
2010-08-13,0.0
2010-08-12,0.0
2010-08-11,0.0
2010-08-10,0.0
2010-08-09,0.0
2010-08-08,0.0
2010-08-07,0.0
2010-08-06,0.0
2010-08-05,0.0
2010-08-04,0.0
2010-08-03,0.0
2010-08-02,0.0
2010-08-01,0.0
2010-07-31,0.0
2010-07-30,0.0
2010-07-29,0.0
2010-07-28,0.0
2010-07-27,0.0
2010-07-26,0.0
2010-07-25,0.0
2010-07-24,0.0
2010-07-23,0.0
2010-07-22,0.0
2010-07-21,0.0
2010-07-20,0.0
2010-07-19,0.0
2010-07-18,0.0
2010-07-17,0.0
2010-07-16,0.0
2010-07-15,0.0
2010-07-14,0.0
2010-07-13,0.0
2010-07-12,0.0
2010-07-11,0.0
2010-07-10,0.0
2010-07-09,0.0
2010-07-08,0.0
2010-07-07,0.0
2010-07-06,0.0
2010-07-05,0.0
2010-07-04,0.0
2010-07-03,0.0
2010-07-02,0.0
2010-07-01,0.0
2010-06-30,0.0
2010-06-29,0.0
2010-06-28,0.0
2010-06-27,0.0
2010-06-26,0.0
2010-06-25,0.0
2010-06-24,0.0
2010-06-23,0.0
2010-06-22,0.0
2010-06-21,0.0
2010-06-20,0.0
2010-06-19,0.0
2010-06-18,0.0
2010-06-17,0.0
2010-06-16,0.0
2010-06-15,0.0
2010-06-14,0.0
2010-06-13,0.0
2010-06-12,0.0
2010-06-11,0.0
2010-06-10,0.0
2010-06-09,0.0
2010-06-08,0.0
2010-06-07,0.0
2010-06-06,0.0
2010-06-05,0.0
2010-06-04,0.0
2010-06-03,0.0
2010-06-02,0.0
2010-06-01,0.0
2010-05-31,0.0
2010-05-30,0.0
2010-05-29,0.0
2010-05-28,0.0
2010-05-27,0.0
2010-05-26,0.0
2010-05-25,0.0
2010-05-24,0.0
2010-05-23,0.0
2010-05-22,0.0
2010-05-21,0.0
2010-05-20,0.0
2010-05-19,0.0
2010-05-18,0.0
2010-05-17,0.0
2010-05-16,0.0
2010-05-15,0.0
2010-05-14,0.0
2010-05-13,0.0
2010-05-12,0.0
2010-05-11,0.0
2010-05-10,0.0
2010-05-09,0.0
2010-05-08,0.0
2010-05-07,0.0
2010-05-06,0.0
2010-05-05,0.0
2010-05-04,0.0
2010-05-03,0.0
2010-05-02,0.0
2010-05-01,0.0
2010-04-30,0.0
2010-04-29,0.0
2010-04-28,0.0
2010-04-27,0.0
2010-04-26,0.0
2010-04-25,0.0
2010-04-24,0.0
2010-04-23,0.0
2010-04-22,0.0
2010-04-21,0.0
2010-04-20,0.0
2010-04-19,0.0
2010-04-18,0.0
2010-04-17,0.0
2010-04-16,0.0
2010-04-15,0.0
2010-04-14,0.0
2010-04-13,0.0
2010-04-12,0.0
2010-04-11,0.0
2010-04-10,0.0
2010-04-09,0.0
2010-04-08,0.0
2010-04-07,0.0
2010-04-06,0.0
2010-04-05,0.0
2010-04-04,0.0
2010-04-03,0.0
2010-04-02,0.0
2010-04-01,0.0
2010-03-31,0.0
2010-03-30,0.0
2010-03-29,0.0
2010-03-28,0.0
2010-03-27,0.0
2010-03-26,0.0
2010-03-25,0.0
2010-03-24,0.0
2010-03-23,0.0
2010-03-22,0.0
2010-03-21,0.0
2010-03-20,0.0
2010-03-19,0.0
2010-03-18,0.0
2010-03-17,0.0
2010-03-16,0.0
2010-03-15,0.0
2010-03-14,0.0
2010-03-13,0.0
2010-03-12,0.0
2010-03-11,0.0
2010-03-10,0.0
2010-03-09,0.0
2010-03-08,0.0
2010-03-07,0.0
2010-03-06,0.0
2010-03-05,0.0
2010-03-04,0.0
2010-03-03,0.0
2010-03-02,0.0
2010-03-01,0.0
2010-02-28,0.0
2010-02-27,0.0
2010-02-26,0.0
2010-02-25,0.0
2010-02-24,0.0
2010-02-23,0.0
2010-02-22,0.0
2010-02-21,0.0
2010-02-20,0.0
2010-02-19,0.0
2010-02-18,0.0
2010-02-17,0.0
2010-02-16,0.0
2010-02-15,0.0
2010-02-14,0.0
2010-02-13,0.0
2010-02-12,0.0
2010-02-11,0.0
2010-02-10,0.0
2010-02-09,0.0
2010-02-08,0.0
2010-02-07,0.0
2010-02-06,0.0
2010-02-05,0.0
2010-02-04,0.0
2010-02-03,0.0
2010-02-02,0.0
2010-02-01,0.0
2010-01-31,0.0
2010-01-30,0.0
2010-01-29,0.0
2010-01-28,0.0
2010-01-27,0.0
2010-01-26,0.0
2010-01-25,0.0
2010-01-24,0.0
2010-01-23,0.0
2010-01-22,0.0
2010-01-21,0.0
2010-01-20,0.0
2010-01-19,0.0
2010-01-18,0.0
2010-01-17,0.0
2010-01-16,0.0
2010-01-15,0.0
2010-01-14,0.0
2010-01-13,0.0
2010-01-12,0.0
2010-01-11,0.0
2010-01-10,0.0
2010-01-09,0.0
2010-01-08,0.0
2010-01-07,0.0
2010-01-06,0.0
2010-01-05,0.0
2010-01-04,0.0
2010-01-03,0.0
2010-01-02,0.0
2010-01-01,0.0
2009-12-31,0.0
2009-12-30,0.0
2009-12-29,0.0
2009-12-28,0.0
2009-12-27,0.0
2009-12-26,0.0
2009-12-25,0.0
2009-12-24,0.0
2009-12-23,0.0
2009-12-22,0.0
2009-12-21,0.0
2009-12-20,0.0
2009-12-19,0.0
2009-12-18,0.0
2009-12-17,0.0
2009-12-16,0.0
2009-12-15,0.0
2009-12-14,0.0
2009-12-13,0.0
2009-12-12,0.0
2009-12-11,0.0
2009-12-10,0.0
2009-12-09,0.0
2009-12-08,0.0
2009-12-07,0.0
2009-12-06,0.0
2009-12-05,0.0
2009-12-04,0.0
2009-12-03,0.0
2009-12-02,0.0
2009-12-01,0.0
2009-11-30,0.0
2009-11-29,0.0
2009-11-28,0.0
2009-11-27,0.0
2009-11-26,0.0
2009-11-25,0.0
2009-11-24,0.0
2009-11-23,0.0
2009-11-22,0.0
2009-11-21,0.0
2009-11-20,0.0
2009-11-19,0.0
2009-11-18,0.0
2009-11-17,0.0
2009-11-16,0.0
2009-11-15,0.0
2009-11-14,0.0
2009-11-13,0.0
2009-11-12,0.0
2009-11-11,0.0
2009-11-10,0.0
2009-11-09,0.0
2009-11-08,0.0
2009-11-07,0.0
2009-11-06,0.0
2009-11-05,0.0
2009-11-04,0.0
2009-11-03,0.0
2009-11-02,0.0
2009-11-01,0.0
2009-10-31,0.0
2009-10-30,0.0
2009-10-29,0.0
2009-10-28,0.0
2009-10-27,0.0
2009-10-26,0.0
2009-10-25,0.0
2009-10-24,0.0
2009-10-23,0.0
2009-10-22,0.0
2009-10-21,0.0
2009-10-20,0.0
2009-10-19,0.0
2009-10-18,0.0
2009-10-17,0.0
2009-10-16,0.0
2009-10-15,0.0
2009-10-14,0.0
2009-10-13,0.0
2009-10-12,0.0
2009-10-11,0.0
2009-10-10,0.0
2009-10-09,0.0
2009-10-08,0.0
2009-10-07,0.0
2009-10-06,0.0
2009-10-05,0.0
2009-10-04,0.0
2009-10-03,0.0
2009-10-02,0.0
2009-10-01,0.0
2009-09-30,0.0
2009-09-29,0.0
2009-09-28,0.0
2009-09-27,0.0
2009-09-26,0.0
2009-09-25,0.0
2009-09-24,0.0
2009-09-23,0.0
2009-09-22,0.0
2009-09-21,0.0
2009-09-20,0.0
2009-09-19,0.0
2009-09-18,0.0
2009-09-17,0.0
2009-09-16,0.0
2009-09-15,0.0
2009-09-14,0.0
2009-09-13,0.0
2009-09-12,0.0
2009-09-11,0.0
2009-09-10,0.0
2009-09-09,0.0
2009-09-08,0.0
2009-09-07,0.0
2009-09-06,0.0
2009-09-05,0.0
2009-09-04,0.0
2009-09-03,0.0
2009-09-02,0.0
2009-09-01,0.0
2009-08-31,0.0
2009-08-30,0.0
2009-08-29,0.0
2009-08-28,0.0
2009-08-27,0.0
2009-08-26,0.0
2009-08-25,0.0
2009-08-24,0.0
2009-08-23,0.0
2009-08-22,0.0
2009-08-21,0.0
2009-08-20,0.0
2009-08-19,0.0
2009-08-18,0.0
2009-08-17,0.0
2009-08-16,0.0
2009-08-15,0.0
2009-08-14,0.0
2009-08-13,0.0
2009-08-12,0.0
2009-08-11,0.0
2009-08-10,0.0
2009-08-09,0.0
2009-08-08,0.0
2009-08-07,0.0
2009-08-06,0.0
2009-08-05,0.0
2009-08-04,0.0
2009-08-03,0.0
2009-08-02,0.0
2009-08-01,0.0
2009-07-31,0.0
2009-07-30,0.0
2009-07-29,0.0
2009-07-28,0.0
2009-07-27,0.0
2009-07-26,0.0
2009-07-25,0.0
2009-07-24,0.0
2009-07-23,0.0
2009-07-22,0.0
2009-07-21,0.0
2009-07-20,0.0
2009-07-19,0.0
2009-07-18,0.0
2009-07-17,0.0
2009-07-16,0.0
2009-07-15,0.0
2009-07-14,0.0
2009-07-13,0.0
2009-07-12,0.0
2009-07-11,0.0
2009-07-10,0.0
2009-07-09,0.0
2009-07-08,0.0
2009-07-07,0.0
2009-07-06,0.0
2009-07-05,0.0
2009-07-04,0.0
2009-07-03,0.0
2009-07-02,0.0
2009-07-01,0.0
2009-06-30,0.0
2009-06-29,0.0
2009-06-28,0.0
2009-06-27,0.0
2009-06-26,0.0
2009-06-25,0.0
2009-06-24,0.0
2009-06-23,0.0
2009-06-22,0.0
2009-06-21,0.0
2009-06-20,0.0
2009-06-19,0.0
2009-06-18,0.0
2009-06-17,0.0
2009-06-16,0.0
2009-06-15,0.0
2009-06-14,0.0
2009-06-13,0.0
2009-06-12,0.0
2009-06-11,0.0
2009-06-10,0.0
2009-06-09,0.0
2009-06-08,0.0
2009-06-07,0.0
2009-06-06,0.0
2009-06-05,0.0
2009-06-04,0.0
2009-06-03,0.0
2009-06-02,0.0
2009-06-01,0.0
2009-05-31,0.0
2009-05-30,0.0
2009-05-29,0.0
2009-05-28,0.0
2009-05-27,0.0
2009-05-26,0.0
2009-05-25,0.0
2009-05-24,0.0
2009-05-23,0.0
2009-05-22,0.0
2009-05-21,0.0
2009-05-20,0.0
2009-05-19,0.0
2009-05-18,0.0
2009-05-17,0.0
2009-05-16,0.0
2009-05-15,0.0
2009-05-14,0.0
2009-05-13,0.0
2009-05-12,0.0
2009-05-11,0.0
2009-05-10,0.0
2009-05-09,0.0
2009-05-08,0.0
2009-05-07,0.0
2009-05-06,0.0
2009-05-05,0.0
2009-05-04,0.0
2009-05-03,0.0
2009-05-02,0.0
2009-05-01,0.0
2009-04-30,0.0
2009-04-29,0.0
2009-04-28,0.0
2009-04-27,0.0
2009-04-26,0.0
2009-04-25,0.0
2009-04-24,0.0
2009-04-23,0.0
2009-04-22,0.0
2009-04-21,0.0
2009-04-20,0.0
2009-04-19,0.0
2009-04-18,0.0
2009-04-17,0.0
2009-04-16,0.0
2009-04-15,0.0
2009-04-14,0.0
2009-04-13,0.0
2009-04-12,0.0
2009-04-11,0.0
2009-04-10,0.0
2009-04-09,0.0
2009-04-08,0.0
2009-04-07,0.0
2009-04-06,0.0
2009-04-05,0.0
2009-04-04,0.0
2009-04-03,0.0
2009-04-02,0.0
2009-04-01,0.0
2009-03-31,0.0
2009-03-30,0.0
2009-03-29,0.0
2009-03-28,0.0
2009-03-27,0.0
2009-03-26,0.0
2009-03-25,0.0
2009-03-24,0.0
2009-03-23,0.0
2009-03-22,0.0
2009-03-21,0.0
2009-03-20,0.0
2009-03-19,0.0
2009-03-18,0.0
2009-03-17,0.0
2009-03-16,0.0
2009-03-15,0.0
2009-03-14,0.0
2009-03-13,0.0
2009-03-12,0.0
2009-03-11,0.0
2009-03-10,0.0
2009-03-09,0.0
2009-03-08,0.0
2009-03-07,0.0
2009-03-06,0.0
2009-03-05,0.0
2009-03-04,0.0
2009-03-03,0.0
2009-03-02,0.0
2009-03-01,0.0
2009-02-28,0.0
2009-02-27,0.0
2009-02-26,0.0
2009-02-25,0.0
2009-02-24,0.0
2009-02-23,0.0
2009-02-22,0.0
2009-02-21,0.0
2009-02-20,0.0
2009-02-19,0.0
2009-02-18,0.0
2009-02-17,0.0
2009-02-16,0.0
2009-02-15,0.0
2009-02-14,0.0
2009-02-13,0.0
2009-02-12,0.0
2009-02-11,0.0
2009-02-10,0.0
2009-02-09,0.0
2009-02-08,0.0
2009-02-07,0.0
2009-02-06,0.0
2009-02-05,0.0
2009-02-04,0.0
2009-02-03,0.0
2009-02-02,0.0
2009-02-01,0.0
2009-01-31,0.0
2009-01-30,0.0
2009-01-29,0.0
2009-01-28,0.0
2009-01-27,0.0
2009-01-26,0.0
2009-01-25,0.0
2009-01-24,0.0
2009-01-23,0.0
2009-01-22,0.0
2009-01-21,0.0
2009-01-20,0.0
2009-01-19,0.0
2009-01-18,0.0
2009-01-17,0.0
2009-01-16,0.0
2009-01-15,0.0
2009-01-14,0.0
2009-01-13,0.0
2009-01-12,0.0
2009-01-11,0.0
2009-01-10,0.0
2009-01-09,0.0
2009-01-08,0.0
2009-01-07,0.0
2009-01-06,0.0
2009-01-05,0.0
2009-01-04,0.0
2009-01-03,0.0
2009-01-02,0.0
